TMS0500 CONSTANT ROM Recorder Initialized
Datamath Calculator Museum August 2023
DUT: TMC0582NL IB7910	
TI-59 ATA1979 SN#7112198
(C) Texas Instruments 1977
----------------------------------------------------
ADDR: CONSTANT ROM (NUMBER)
000: 230258509299400C
001: 0693147180559945
002: 0095310179804325
003: 0009950330853168
004: 0000999500333084
005: 0000099995000333
006: 0000009999950000
007: 0000000999999500
008: 0785398163397450
009: 0099668652491200
010: 0009999666686670
011: 0000999999666667
012: 0000099999999667
013: 157079632679501C
014: 314159265359000C
015: 572957795130801C
016: 4375064353530882
017: 5403435501436504
018: 3304437505435355
019: 2453535454034355
020: 0143859404433265
021: 5320825403435554
022: 3255541882859453
023: 8518826532539254
024: 4355044353925432
025: 4355014353325403
026: 8594533320825403
027: 3332540343550243
028: 0343550543859453
029: 7505435353923254
030: 5554034355330443
031: 0882540175034353
----------------------------------------------------
ADDR: CONSTANT ROM (KEY CODE)
000: 23 02 58 50 92 99 40 0C 06 93 14 71 80 55 99 45 
010: 00 95 31 01 79 80 43 25 00 09 95 03 30 85 31 68 
020: 00 00 99 95 00 33 30 84 00 00 09 99 95 00 03 33 
030: 00 00 00 99 99 95 00 00 00 00 00 09 99 99 95 00 
040: 07 85 39 81 63 39 74 50 00 99 66 86 52 49 12 00 
050: 00 09 99 96 66 68 66 70 00 00 99 99 99 66 66 67 
060: 00 00 09 99 99 99 96 67 15 70 79 63 26 79 50 1C 
070: 31 41 59 26 53 59 00 0C 57 29 57 79 51 30 80 1C 
080: 43 75 06 43 53 53 08 82 54 03 43 55 01 43 65 04 
090: 33 04 43 75 05 43 53 55 24 53 53 54 54 03 43 55 
0A0: 01 43 85 94 04 43 32 65 53 20 82 54 03 43 55 54 
0B0: 32 55 54 18 82 85 94 53 85 18 82 65 32 53 92 54 
0C0: 43 55 04 43 53 92 54 32 43 55 01 43 53 32 54 03 
0D0: 85 94 53 33 20 82 54 03 33 32 54 03 43 55 02 43 
0E0: 03 43 55 05 43 85 94 53 75 05 43 53 53 92 32 54 
0F0: 55 54 03 43 55 33 04 43 08 82 54 01 75 03 43 53 
