TMS0540 SECOND ROM Recorder Initialized
Datamath Calculator Museum September 2023
DUT: TMC0553NL ASP8040
STRUCTURAL ENGINEERING MODULE REV.A
(C) Texas Instruments 1981
-----------------------------------------------------------------
0000: 09 00 00 22 00 43 10 50 23 05 29 33 34 76 46 06 47 74 49 97 
0020: 49 97 76 95 01 94 42 11 03 06 36 02 71 89 32 01 03 22 67 69 
0040: 99 47 92 76 88 69 04 32 69 06 92 76 87 05 09 42 01 05 01 42 
0060: 02 04 03 42 03 03 05 42 04 92 76 89 55 03 95 55 43 11 95 42 
0080: 15 75 01 95 94 92 76 77 65 73 00 95 74 24 43 15 65 73 00 95 
0100: 74 25 69 30 92 76 11 47 42 11 32 02 07 98 71 88 98 71 87 43 
0120: 11 55 01 00 95 42 12 92 42 12 92 76 12 32 03 04 71 88 72 03 
0140: 72 04 65 43 11 72 02 55 02 95 44 05 44 06 65 43 11 33 55 01 
0160: 02 95 44 16 44 17 65 43 11 55 03 93 02 95 44 07 69 31 69 32 
0180: 69 33 69 34 69 28 08 32 43 08 67 69 98 92 76 14 32 01 03 71 
0200: 88 94 72 01 92 32 03 00 71 88 72 03 55 43 11 95 44 06 94 44 
0220: 05 73 03 65 43 11 55 02 04 95 44 17 94 44 16 43 11 55 02 85 
0240: 73 01 95 42 15 65 73 03 55 02 95 42 18 44 16 44 17 65 43 15 
0260: 55 43 11 95 44 16 94 44 17 43 11 75 43 15 50 95 65 43 18 55 
0280: 02 95 44 07 61 01 33 76 13 42 15 32 01 03 71 88 75 53 43 11 
0300: 55 01 00 00 00 54 72 02 55 02 95 72 01 43 15 92 32 02 01 71 
0320: 88 55 73 02 95 72 03 61 03 21 76 15 32 01 03 71 88 72 01 92 
0340: 32 01 04 71 88 72 02 92 32 03 04 00 02 71 88 72 03 92 32 85 
0360: 01 95 71 88 72 04 05 42 24 06 42 25 73 01 42 15 02 42 00 73 
0380: 04 65 73 02 55 02 95 42 14 65 53 43 15 85 73 02 55 03 65 02 
0400: 54 55 43 11 95 74 25 94 85 43 14 95 74 24 22 97 00 03 98 06 
0420: 42 24 05 42 25 43 11 75 73 01 75 73 02 95 42 15 73 03 61 03 
0440: 38 01 06 42 24 01 07 42 25 02 42 00 43 11 55 02 75 73 01 95 
0460: 65 53 42 15 33 65 53 43 11 65 02 75 43 15 50 54 94 85 43 11 
0480: 45 03 54 65 53 73 03 85 73 04 54 55 09 06 95 44 07 73 01 85 
0500: 73 02 75 43 11 55 02 95 97 00 04 17 02 42 09 73 01 85 73 02 
0520: 95 42 18 75 43 11 95 42 19 43 18 75 73 02 71 89 42 20 73 04 
0540: 65 73 02 55 04 95 49 20 49 15 65 73 02 33 55 06 95 94 42 22 
0560: 43 20 65 43 18 33 95 42 21 43 15 65 43 19 33 95 42 23 02 03 
0580: 42 00 43 11 85 43 19 65 02 71 89 71 77 43 18 75 73 02 65 93 
0600: 06 71 89 71 77 43 18 65 02 71 89 71 77 73 03 63 04 72 03 22 
0620: 97 09 01 33 43 24 48 25 42 24 43 11 75 73 01 95 61 04 78 76 
0640: 16 32 03 00 01 03 98 71 88 42 09 92 32 85 01 95 71 88 42 10 
0660: 61 07 12 76 18 32 03 00 01 04 98 71 88 42 10 94 55 02 75 43 
0680: 16 65 03 55 43 11 95 42 09 61 07 12 76 19 32 03 00 01 03 98 
0700: 71 88 42 09 94 55 02 75 43 17 65 03 55 43 11 95 42 10 61 07 
0720: 12 76 10 43 17 75 43 16 65 02 95 65 02 55 43 11 95 42 09 43 
0740: 16 75 43 17 65 02 95 65 02 55 43 11 95 42 10 43 09 85 43 10 
0760: 95 65 43 11 33 55 01 06 85 43 07 95 42 15 61 07 70 76 17 43 
0780: 05 65 43 11 45 03 55 03 75 43 17 65 43 11 95 42 15 00 42 09 
0800: 42 26 43 05 85 43 06 95 42 27 61 07 93 43 05 42 26 43 06 42 
0820: 27 43 09 75 43 10 95 55 43 11 95 44 27 94 44 26 43 15 32 01 
0840: 07 02 04 05 01 04 05 98 71 88 98 43 26 32 03 05 01 03 71 88 
0860: 43 27 32 85 01 95 71 88 98 00 42 13 43 09 42 14 61 09 73 22 
0880: 86 01 92 86 01 32 32 42 13 71 87 43 08 42 00 43 09 85 43 26 
0900: 65 43 13 95 42 14 00 42 15 42 18 73 02 29 67 09 47 43 13 75 
0920: 73 01 95 22 77 09 20 42 15 33 65 73 03 55 02 95 22 44 14 43 
0940: 13 75 73 01 75 73 02 95 22 77 09 20 42 18 33 65 73 04 55 02 
0960: 95 44 14 73 04 75 73 03 95 55 73 02 55 06 95 65 53 43 18 65 
0980: 33 75 43 15 65 33 95 61 09 59 73 01 85 43 13 95 22 77 09 61 
1000: 73 03 44 14 69 31 69 32 69 33 69 34 97 00 08 63 43 13 32 04 
1020: 04 71 88 43 14 32 03 00 71 88 98 87 01 08 36 43 13 85 43 12 
1040: 95 32 43 11 77 08 43 61 08 36 76 77 69 04 32 69 06 92 76 87 
1060: 65 43 02 85 43 03 85 04 61 00 36 76 88 85 04 95 65 53 43 02 
1080: 85 01 54 85 43 03 85 01 02 95 42 01 92 68 76 89 69 00 07 01 
1100: 07 03 69 03 69 05 25 61 01 91 76 78 71 88 22 87 01 00 74 00 
1120: 72 01 72 00 92 76 11 47 32 07 22 77 69 98 03 01 71 77 75 01 
1140: 95 42 02 25 98 92 76 10 86 05 76 12 86 01 75 01 95 42 03 69 
1160: 00 85 02 95 69 02 03 06 03 03 01 03 03 01 68 68 69 01 69 05 
1180: 04 71 88 22 87 05 01 45 73 01 42 11 61 01 55 92 32 02 07 71 
1200: 77 42 11 72 01 92 32 01 07 02 04 71 77 35 65 43 11 95 42 06 
1220: 32 00 71 87 87 05 01 83 86 03 61 01 91 22 86 05 98 92 61 01 
1240: 87 92 22 86 03 29 43 03 32 22 67 02 12 43 06 42 04 74 01 61 
1260: 02 48 43 02 22 67 02 29 43 06 42 05 69 31 74 01 61 02 48 43 
1280: 06 74 01 69 31 74 01 55 02 95 32 43 02 44 01 32 72 01 98 92 
1300: 76 16 87 03 89 42 10 32 01 03 71 77 92 32 03 04 71 77 42 08 
1320: 01 71 88 42 00 03 71 78 43 08 55 02 65 53 43 11 75 43 10 95 
1340: 74 00 74 01 42 09 00 71 88 42 00 02 71 78 43 10 55 43 11 95 
1360: 33 65 53 34 75 02 54 85 01 95 65 43 11 33 65 43 06 65 43 08 
1380: 55 08 95 74 00 74 01 43 11 55 04 95 42 07 05 71 88 42 00 07 
1400: 71 78 71 03 77 74 00 06 71 88 42 00 06 71 78 02 49 07 71 03 
1420: 77 00 42 07 61 05 06 29 43 07 45 03 75 53 43 07 75 43 10 54 
1440: 77 03 94 00 45 03 95 65 43 08 55 06 55 43 10 94 85 43 09 65 
1460: 43 07 95 74 01 92 76 13 87 03 89 42 08 32 03 04 71 77 32 01 
1480: 71 88 42 00 03 71 78 32 65 43 11 55 02 95 74 00 74 01 32 00 
1500: 71 88 42 00 02 71 78 32 65 43 11 65 43 06 55 04 95 74 00 74 
1520: 01 32 06 71 88 42 00 06 71 78 32 55 43 06 95 74 01 65 93 07 
1540: 05 95 32 05 71 88 42 00 07 71 78 32 74 00 74 01 22 86 01 98 
1560: 92 76 18 87 03 89 32 01 03 71 77 42 10 43 11 55 01 00 00 00 
1580: 95 42 09 92 32 02 01 71 77 55 43 09 95 61 05 77 76 17 87 03 
1600: 89 42 10 32 01 03 71 77 92 32 01 04 71 77 42 09 55 02 95 44 
1620: 10 92 32 03 04 71 77 42 08 86 02 02 71 88 42 00 03 71 78 43 
1640: 08 65 43 09 65 43 10 55 43 11 95 74 01 43 10 65 53 53 24 55 
1660: 43 11 54 33 94 85 01 75 53 43 09 55 43 11 54 33 55 04 54 65 
1680: 43 08 65 43 09 65 43 06 55 02 95 74 00 43 11 75 43 10 95 42 
1700: 10 22 87 02 06 68 22 86 02 00 71 88 42 00 01 61 05 87 04 42 
1720: 00 69 20 43 00 71 88 22 87 01 06 85 00 72 01 43 11 55 04 95 
1740: 44 07 43 07 32 43 11 67 07 67 32 65 43 09 65 53 01 75 43 10 
1760: 55 43 11 54 65 02 29 75 53 43 07 75 43 10 85 43 09 55 02 54 
1780: 77 07 35 65 00 33 85 53 43 07 75 43 10 75 43 09 55 02 54 77 
1800: 07 54 65 00 33 95 65 43 08 55 02 95 74 01 61 06 71 22 86 01 
1820: 00 42 07 98 92 76 14 32 03 00 02 07 71 77 42 12 65 43 04 55 
1840: 02 95 42 14 92 32 03 00 03 05 71 77 42 13 65 43 05 55 02 95 
1860: 42 15 98 92 76 15 43 02 42 03 00 71 88 43 15 74 01 00 42 03 
1880: 43 02 42 00 02 71 88 43 14 74 01 02 71 88 73 01 32 69 23 00 
1900: 71 88 73 01 85 32 95 32 03 71 87 69 31 32 72 01 97 00 08 41 
1920: 00 42 03 43 02 42 00 00 71 87 73 01 32 02 71 87 32 72 01 69 
1940: 23 97 00 08 77 29 00 42 03 43 02 42 00 69 30 02 71 87 73 01 
1960: 32 01 71 87 73 01 55 32 95 94 42 06 65 73 01 95 32 69 23 02 
1980: 71 87 32 74 01 03 71 87 69 31 43 06 65 73 01 95 69 21 74 01 
2000: 97 00 09 05 43 02 42 00 42 03 69 33 02 71 87 73 01 32 03 71 
2020: 87 73 01 55 32 95 94 72 01 32 69 33 01 71 87 73 01 65 32 95 
2040: 32 03 71 87 32 74 01 97 00 09 62 43 02 42 03 02 71 87 69 31 
2060: 43 12 72 01 03 71 87 43 13 63 01 42 06 98 69 00 03 00 03 02 
2080: 69 01 03 00 01 07 03 01 03 07 03 06 69 02 69 05 69 00 00 42 
2100: 03 76 79 05 42 11 03 42 00 71 87 69 31 73 01 98 99 98 76 68 
2120: 73 01 65 43 00 95 69 21 85 73 01 65 53 04 75 43 00 95 55 04 
2140: 95 32 43 11 71 88 73 01 85 32 95 99 01 44 11 03 71 87 69 31 
2160: 97 00 68 69 23 43 03 32 43 02 77 79 69 21 73 01 98 99 98 00 
2180: 42 03 02 71 88 43 14 22 74 01 43 02 42 03 42 00 00 71 88 43 
2200: 15 22 74 01 02 71 87 69 31 43 01 42 10 69 20 03 05 01 07 01 
2220: 03 01 05 69 01 03 07 02 04 03 02 03 01 03 06 69 02 69 05 69 
2240: 00 98 00 42 03 76 67 73 10 42 11 01 44 10 73 10 22 44 11 04 
2260: 71 88 73 01 22 49 11 01 71 88 73 01 75 43 11 95 99 98 03 71 
2280: 88 73 01 85 43 11 95 99 69 23 97 00 67 00 42 03 71 88 43 06 
2300: 72 01 25 98 92 76 88 32 58 02 52 95 22 52 58 09 32 76 89 69 
2320: 04 32 69 06 92 76 87 07 01 07 03 69 04 69 05 25 61 01 87 76 
2340: 77 22 87 03 00 43 65 95 92 76 11 47 42 11 42 31 98 32 02 03 
2360: 04 00 03 07 71 89 98 01 42 26 43 11 92 76 12 87 02 87 86 02 
2380: 42 12 32 43 32 32 22 77 00 87 42 32 42 15 42 28 42 29 32 43 
2400: 26 85 01 04 00 01 95 65 01 00 00 00 00 95 42 27 71 89 00 42 
2420: 13 42 35 43 12 92 42 29 32 43 32 32 22 77 01 33 42 32 32 43 
2440: 27 85 04 00 03 02 95 71 89 75 43 12 95 29 77 01 57 42 35 86 
2460: 01 94 55 02 95 42 13 92 76 13 42 14 32 43 26 85 02 03 00 01 
2480: 95 65 01 00 00 00 00 95 42 27 71 89 92 22 86 02 01 44 26 43 
2500: 35 44 15 43 14 49 13 33 42 17 34 65 43 15 95 48 15 33 42 18 
2520: 43 15 44 19 42 16 55 01 02 95 49 17 65 43 18 95 44 21 43 11 
2540: 75 43 14 55 02 95 49 16 65 43 16 44 22 85 43 17 95 44 20 43 
2560: 11 75 43 14 55 03 87 01 02 67 65 02 95 65 43 13 95 29 67 03 
2580: 43 44 22 33 55 43 13 44 19 95 85 43 14 33 65 43 13 55 01 08 
2600: 95 44 20 43 28 75 43 29 95 22 77 03 13 44 29 22 44 28 50 42 
2620: 30 65 43 14 55 08 65 53 43 30 33 55 01 08 85 53 43 30 55 03 
2640: 85 43 28 54 33 95 44 21 43 11 75 43 14 95 42 11 22 86 01 98 
2660: 22 86 02 92 76 15 87 02 87 43 22 55 43 19 95 42 37 33 65 43 
2680: 19 75 43 20 95 94 42 36 43 19 32 98 01 03 71 88 43 37 32 04 
2700: 06 71 88 43 36 32 02 04 04 00 04 04 71 88 43 21 32 85 01 95 
2720: 71 77 71 88 25 43 36 55 43 37 95 42 11 32 04 03 04 00 04 04 
2740: 00 00 71 88 43 36 55 53 43 31 75 43 37 95 42 12 32 85 06 05 
2760: 95 71 88 43 21 65 02 55 43 32 95 32 85 03 05 95 71 77 71 88 
2780: 25 43 36 55 43 19 95 34 32 03 05 04 00 04 04 71 88 43 21 55 
2800: 43 19 95 34 32 85 01 95 71 77 71 88 25 43 11 55 43 19 95 32 
2820: 02 06 04 00 04 04 00 00 71 88 43 12 55 43 19 95 32 85 06 05 
2840: 95 71 88 22 86 03 98 92 76 14 87 02 87 86 03 42 11 32 01 06 
2860: 71 89 92 42 12 32 04 05 71 89 01 92 42 13 32 03 01 71 89 43 
2880: 11 33 65 89 55 04 95 42 11 65 43 13 95 22 44 19 65 43 12 95 
2900: 22 44 22 43 11 65 53 24 55 04 55 89 85 43 12 33 54 65 43 13 
2920: 95 22 44 20 98 92 76 16 22 86 02 98 92 68 76 87 43 11 55 02 
2940: 95 32 43 00 92 76 88 43 13 85 43 14 65 43 00 55 43 11 95 42 
2960: 03 65 43 11 55 43 10 75 43 12 30 95 94 22 30 42 04 92 76 11 
2980: 47 42 10 32 02 07 69 04 32 98 69 06 92 42 11 32 01 07 77 00 
3000: 73 85 75 61 00 59 03 01 69 04 32 69 06 92 42 12 32 03 03 02 
3020: 03 02 04 69 04 32 69 06 92 76 12 42 13 32 00 22 67 01 08 86 
3040: 01 02 03 04 00 00 01 69 04 32 69 06 92 32 02 03 04 00 03 00 
3060: 69 04 32 69 06 75 43 13 95 65 02 95 42 14 55 43 10 75 43 12 
3080: 30 95 94 22 30 42 15 92 76 13 42 16 32 02 01 69 04 32 69 06 
3100: 01 42 00 02 02 42 01 03 01 42 02 69 00 04 01 03 03 03 03 01 
3120: 07 03 05 69 01 69 05 69 00 71 88 43 00 65 53 24 94 85 43 11 
3140: 54 65 43 10 65 43 16 55 02 55 43 11 95 42 05 43 00 85 01 95 
3160: 69 04 43 05 55 43 03 55 43 12 39 95 94 42 09 69 06 65 43 12 
3180: 39 55 43 15 39 95 94 72 01 69 31 73 01 65 43 15 38 85 43 09 
3200: 65 43 12 38 85 43 16 65 53 43 11 55 02 85 93 05 75 43 00 95 
3220: 94 55 43 04 38 95 72 02 69 21 71 87 67 03 11 69 20 69 21 69 
3240: 22 61 01 96 98 69 00 02 07 03 02 04 03 01 07 03 05 69 01 69 
3260: 05 69 00 22 87 01 03 39 43 22 42 21 01 42 00 02 01 42 01 43 
3280: 00 85 01 95 69 04 73 01 69 06 71 87 67 03 69 69 20 69 21 61 
3300: 03 46 98 69 00 01 06 02 04 01 03 02 02 04 00 69 01 69 05 69 
3320: 00 01 42 00 03 01 42 02 87 01 04 15 43 00 85 01 95 69 04 73 
3340: 02 69 06 71 87 67 04 22 69 20 69 22 61 03 99 98 69 00 04 02 
3360: 01 07 03 05 03 07 04 00 69 01 69 05 69 00 87 01 04 59 01 69 
3380: 04 43 11 55 02 65 43 16 95 94 69 06 01 42 00 02 02 42 01 03 
3400: 01 42 02 71 88 43 00 85 01 95 69 04 73 01 69 31 75 73 01 95 
3420: 94 65 43 15 38 85 73 02 65 43 04 38 95 69 06 69 21 69 20 69 
3440: 21 69 22 71 87 67 05 18 61 04 70 85 01 95 69 04 43 09 65 43 
3460: 12 38 65 02 85 43 16 95 94 69 06 98 22 86 01 92 76 78 69 04 
3480: 32 69 06 92 76 77 65 53 43 03 75 01 54 85 05 76 89 65 53 43 
3500: 03 75 02 54 85 04 76 88 65 43 03 85 43 06 85 01 02 95 42 02 
3520: 92 76 79 69 00 07 01 07 03 69 03 69 05 25 61 01 55 76 11 98 
3540: 47 32 06 22 77 69 03 01 71 78 85 02 95 42 03 92 32 04 01 04 
3560: 04 71 78 42 05 98 92 76 12 86 01 42 06 69 00 85 01 95 69 02 
3580: 03 06 03 03 01 03 03 01 68 68 69 01 69 05 69 00 04 71 89 92 
3600: 32 02 07 71 78 42 12 72 02 92 32 01 07 02 04 71 78 65 04 55 
3620: 43 12 95 42 11 32 00 71 88 86 03 92 22 86 03 32 74 02 69 22 
3640: 74 02 01 71 88 43 11 55 02 95 72 02 98 92 76 18 87 03 79 32 
3660: 01 03 71 78 42 09 43 12 55 01 00 00 00 95 42 08 92 32 02 01 
3680: 71 78 55 43 08 95 61 02 62 76 13 87 03 79 32 43 12 42 08 55 
3700: 02 95 42 09 61 02 58 76 17 87 03 79 42 09 32 01 03 71 78 92 
3720: 32 01 04 71 78 42 08 55 02 95 44 09 92 32 03 04 71 78 42 07 
3740: 86 02 02 71 89 42 01 03 71 89 22 87 01 02 84 00 72 01 72 02 
3760: 43 07 65 43 08 65 43 09 55 43 12 95 74 02 55 43 09 55 43 12 
3780: 65 53 43 09 33 65 53 43 12 75 43 09 54 85 43 08 33 65 53 43 
3800: 12 75 03 65 43 09 54 55 01 02 95 22 87 02 03 41 94 74 01 22 
3820: 87 02 03 78 22 86 02 43 12 75 43 09 95 42 09 00 71 89 42 01 
3840: 01 71 89 22 87 01 02 84 22 86 01 61 02 79 25 98 92 76 14 42 
3860: 06 69 00 85 01 95 69 02 01 05 03 02 02 07 04 00 68 68 69 01 
3880: 69 05 69 00 92 32 02 07 71 78 42 12 92 32 01 07 02 04 71 78 
3900: 55 43 12 95 42 11 92 32 03 07 04 05 03 03 04 58 01 71 78 42 
3920: 10 92 58 09 29 00 71 88 42 00 02 71 88 42 01 85 43 03 75 43 
3940: 06 95 42 02 43 10 67 05 46 22 59 65 01 00 85 43 10 59 95 32 
3960: 01 22 67 05 21 03 65 43 11 55 43 12 33 95 74 02 65 43 10 59 
3980: 65 43 12 95 94 72 01 65 43 12 95 94 74 00 61 05 46 04 65 43 
4000: 11 95 74 00 65 03 55 43 12 33 95 74 02 65 43 12 55 02 95 94 
4020: 72 01 00 71 77 43 12 72 02 01 71 77 43 11 72 02 02 71 77 43 
4040: 10 72 02 98 92 76 15 32 02 03 71 78 32 43 03 42 06 03 71 88 
4060: 32 72 02 00 71 89 42 00 02 71 89 42 01 69 31 03 71 88 69 36 
4080: 69 30 69 31 69 32 43 03 75 01 95 32 43 06 67 06 25 73 00 72 
4100: 02 43 06 32 01 67 06 36 73 01 74 02 97 06 06 04 36 08 11 43 
4120: 03 42 01 01 03 42 02 98 73 02 99 69 22 97 01 06 52 98 01 42 
4140: 06 43 03 75 02 95 42 01 86 01 01 71 88 42 04 00 71 88 42 05 
4160: 85 01 95 42 07 43 06 85 01 95 65 01 00 00 85 03 00 00 00 00 
4180: 00 02 07 95 42 09 00 71 89 73 02 75 73 04 65 53 73 05 65 02 
4200: 85 73 07 95 87 01 07 33 94 72 02 94 32 43 09 71 78 22 87 01 
4220: 07 63 98 43 05 48 07 42 05 08 44 09 22 86 01 02 61 07 11 69 
4240: 26 97 01 06 72 98 98 01 42 06 43 03 75 02 95 42 01 86 01 00 
4260: 71 89 73 02 42 08 02 71 89 73 02 94 44 08 04 71 89 73 02 22 
4280: 49 08 43 06 85 01 95 65 01 00 00 85 03 05 00 00 00 00 02 07 
4300: 95 42 09 01 71 89 73 02 85 43 08 87 01 08 40 94 95 72 02 32 
4320: 43 09 71 78 22 87 01 08 64 98 08 44 09 22 86 01 03 61 08 28 
4340: 69 26 97 01 07 81 98 98 01 42 06 43 03 75 01 95 42 04 00 71 
4360: 77 73 02 42 12 01 71 77 73 02 42 11 02 71 77 73 02 42 10 69 
4380: 00 43 06 85 01 95 69 02 01 05 03 02 02 07 04 00 68 68 69 01 
4400: 69 05 69 00 29 00 42 09 42 07 43 06 32 43 03 75 01 95 67 09 
4420: 56 00 71 89 73 02 42 07 01 67 09 66 02 71 89 69 32 73 02 94 
4440: 44 07 43 07 32 98 03 00 03 06 71 78 29 43 10 67 44 22 59 65 
4460: 01 00 85 43 10 59 95 32 01 22 67 45 03 42 09 65 43 10 59 95 
4480: 61 44 76 45 01 02 42 09 06 76 44 42 08 00 71 88 42 01 85 43 
4500: 03 75 43 06 95 42 02 43 08 94 65 73 01 85 43 09 55 43 12 65 
4520: 73 02 95 65 43 11 95 42 09 85 43 07 95 32 03 00 02 04 71 78 
4540: 43 09 55 43 12 95 32 03 05 02 03 71 78 00 42 07 43 06 32 43 
4560: 03 75 01 95 67 42 01 71 89 73 02 42 07 01 67 43 76 42 03 71 
4580: 89 69 32 73 02 44 07 76 43 43 07 32 03 05 04 02 71 78 98 69 
4600: 26 97 04 08 82 92 76 12 42 01 99 92 42 02 92 42 03 92 76 13 
4620: 42 04 99 92 42 05 92 42 06 92 76 17 65 93 08 95 61 00 02 76 
4640: 18 65 93 08 95 61 00 14 76 99 03 04 02 02 69 04 43 10 69 06 
4660: 92 76 96 03 04 01 06 69 04 43 11 69 06 92 76 15 98 43 01 45 
4680: 03 95 42 08 43 04 45 03 95 42 09 43 01 44 04 08 93 05 49 04 
4700: 43 02 85 43 03 95 42 10 71 99 43 05 85 43 06 95 42 11 71 96 
4720: 71 34 43 02 42 10 71 99 43 11 71 96 71 34 43 03 44 10 71 99 
4740: 43 06 22 44 11 71 96 71 34 92 76 34 53 53 43 10 65 43 08 85 
4760: 43 11 65 43 09 54 55 43 04 54 94 99 98 92 76 11 61 01 23 65 
4780: 43 03 85 32 85 43 01 85 01 02 95 42 02 29 83 12 76 19 42 11 
4800: 03 05 42 12 43 11 61 00 05 73 02 65 43 08 95 42 09 92 76 18 
4820: 42 11 06 01 42 12 43 11 32 43 07 32 61 00 05 43 09 74 02 92 
4840: 76 17 42 11 07 09 42 12 43 11 61 00 05 73 02 94 42 08 09 03 
4860: 42 12 43 06 61 00 05 73 02 22 67 01 00 01 22 49 08 92 76 16 
4880: 01 01 05 42 12 00 61 00 05 43 08 94 72 02 69 31 92 29 43 03 
4900: 75 01 42 01 95 42 00 00 42 06 01 17 01 42 07 19 00 18 03 19 
4920: 03 18 02 19 02 18 02 17 43 03 75 43 01 95 42 07 02 19 02 18 
4940: 03 19 03 18 69 21 97 00 01 36 00 42 07 02 42 06 03 17 16 43 
4960: 05 64 02 49 08 02 19 03 18 97 01 01 91 43 03 75 01 95 42 01 
4980: 00 42 06 03 17 16 01 19 03 18 69 21 97 01 02 06 92 92 92 92 