TMS0540 SECOND ROM Recorder Initialized
Datamath Calculator Museum June 2023
DUT: TMC0545NL SP7727
MARINE NAVIGATION -5-
(C) Texas Instruments 1977
-----------------------------------------------------------------
ADDR: BCD DATA
0000: 30 00 00 64 01 76 04 00 06 21 07 67 09 64 11 24 13 20 15 11 
0020: 16 71 18 66 20 95 21 73 23 77 24 88 26 28 27 98 29 95 32 05 
0040: 33 66 34 68 35 29 36 08 37 70 38 78 40 41 42 02 43 62 45 70 
0060: 47 01 48 23 76 24 01 42 21 60 58 09 76 25 29 06 42 01 00 72 
0080: 01 97 01 00 15 92 76 95 71 24 22 57 05 32 03 00 37 78 22 37 
0100: 78 69 12 88 78 69 11 22 88 22 78 69 14 53 24 75 36 11 71 68 
0120: 54 24 52 22 52 32 03 08 01 93 06 01 02 03 06 05 01 67 96 00 
0140: 35 76 96 58 09 69 00 03 01 01 03 04 02 02 04 02 02 69 03 01 
0160: 03 03 07 02 04 03 02 03 01 69 04 69 05 05 99 92 76 13 29 67 
0180: 00 11 42 12 99 00 92 53 43 02 55 43 14 54 42 12 99 92 76 14 
0200: 29 67 00 33 42 02 99 00 92 53 43 12 65 43 14 54 42 02 99 92 
0220: 76 11 99 88 42 01 92 76 18 99 48 07 48 06 92 76 15 00 71 02 
0240: 03 53 88 85 43 01 54 71 01 87 22 88 99 92 43 03 99 92 43 19 
0260: 61 00 74 76 10 53 53 88 75 48 01 54 71 01 87 42 14 53 44 19 
0280: 55 43 02 44 03 54 35 42 12 43 01 61 00 74 76 19 32 53 53 53 
0300: 43 12 32 37 85 32 42 21 43 06 94 32 43 07 37 54 32 85 43 21 
0320: 54 32 22 37 32 42 20 32 29 77 01 61 85 03 06 00 54 99 92 43 
0340: 20 99 92 76 16 00 42 06 42 07 42 03 42 19 98 92 76 12 71 02 
0360: 03 99 92 75 29 77 01 94 00 85 02 04 54 29 22 77 01 87 92 29 
0380: 67 02 12 88 42 14 00 92 53 43 02 55 43 12 54 42 14 22 88 92 
0400: 76 13 53 71 00 28 65 01 93 01 04 04 54 99 92 53 24 65 06 00 
0420: 07 06 93 01 02 54 99 92 43 01 34 92 53 22 88 55 01 00 00 54 
0440: 88 92 76 18 53 53 71 00 28 85 43 02 34 54 61 00 06 76 10 53 
0460: 24 65 71 00 67 99 92 53 43 03 85 43 00 54 30 54 92 76 15 53 
0480: 43 02 55 71 00 67 76 33 55 71 00 18 92 53 24 65 61 00 18 76 
0500: 19 53 43 01 55 53 43 03 85 43 00 85 93 09 07 55 06 00 65 71 
0520: 00 28 54 30 61 33 76 14 53 53 53 43 03 85 43 00 75 93 09 07 
0540: 55 06 00 65 71 00 28 54 30 55 93 00 00 00 02 04 06 54 42 15 
0560: 33 85 53 43 02 75 43 01 54 55 93 07 04 07 03 06 54 53 34 75 
0580: 43 15 54 99 92 53 24 65 61 00 18 76 11 42 01 99 92 76 12 71 
0600: 00 32 42 03 99 92 76 16 42 02 99 92 76 17 71 00 32 42 00 99 
0620: 92 76 16 53 24 55 43 14 54 92 76 15 43 04 16 32 43 03 37 42 
0640: 20 43 02 94 16 32 42 21 43 01 37 44 20 43 17 32 44 21 43 18 
0660: 37 44 20 53 43 21 85 32 54 32 43 20 22 37 32 42 22 32 29 77 
0680: 00 68 53 24 85 03 06 00 54 32 43 22 98 99 92 32 99 92 76 11 
0700: 99 48 18 48 17 92 76 12 99 48 01 48 02 92 76 13 99 48 03 48 
0720: 04 92 76 14 99 88 42 14 92 76 18 43 18 44 03 43 03 76 10 53 
0740: 24 75 29 77 01 27 00 85 03 06 00 54 22 77 10 99 92 76 17 43 
0760: 18 44 01 43 01 61 10 76 17 22 86 00 37 54 32 85 43 21 54 32 
0780: 22 37 32 42 20 32 76 19 53 24 75 29 77 00 30 00 85 03 06 00 
0800: 54 22 77 19 92 76 11 87 00 00 50 99 48 18 48 17 92 43 12 32 
0820: 53 53 53 43 13 37 85 32 42 21 43 06 94 32 43 07 17 85 43 16 
0840: 54 19 42 18 32 43 20 42 17 98 99 92 32 99 92 76 12 87 00 01 
0860: 00 99 48 07 48 06 92 53 53 43 12 32 43 13 37 85 32 42 21 43 
0880: 17 94 32 53 43 18 75 43 16 54 17 42 07 32 43 20 42 06 98 99 
0900: 92 32 99 92 76 13 87 00 01 49 99 48 13 48 12 92 43 17 53 53 
0920: 53 32 43 18 75 43 16 54 37 85 32 42 21 43 06 32 43 07 17 42 
0940: 13 32 43 20 42 12 98 99 92 32 99 92 76 15 00 86 00 92 76 16 
0960: 42 16 99 92 76 17 53 24 75 29 77 00 11 00 85 03 06 00 54 22 
0980: 77 17 92 76 11 42 17 99 92 76 12 42 13 99 92 76 13 99 48 07 
1000: 48 06 92 76 14 53 43 13 75 53 53 94 85 43 06 32 43 07 54 37 
1020: 32 42 20 32 55 43 17 54 22 38 85 42 18 43 16 54 17 42 15 98 
1040: 99 92 53 99 85 43 15 54 17 99 92 76 15 53 53 43 18 75 43 13 
1060: 54 39 65 43 17 85 43 20 54 42 12 98 99 92 76 19 53 99 55 43 
1080: 12 54 42 14 22 88 98 99 92 76 10 53 53 99 88 85 43 14 54 75 
1100: 02 04 54 29 77 01 49 53 24 85 02 04 54 22 88 98 99 92 76 16 
1120: 42 16 99 92 76 11 99 48 18 48 17 43 18 92 22 44 18 99 92 76 
1140: 16 42 16 99 92 76 12 99 48 02 48 01 92 76 17 99 48 07 48 06 
1160: 92 76 13 53 99 88 75 48 19 54 29 77 00 56 53 24 85 02 04 54 
1180: 42 14 92 76 14 53 53 53 43 17 32 43 18 75 43 16 54 42 18 37 
1200: 85 32 42 20 43 06 32 43 07 37 54 32 85 43 20 54 32 22 37 36 
1220: 10 71 72 53 53 53 24 75 43 18 54 42 21 32 42 12 65 43 14 54 
1240: 42 22 32 94 85 43 01 54 37 53 53 53 24 55 53 43 02 75 43 01 
1260: 54 38 54 42 15 32 43 02 75 43 21 54 37 42 23 32 55 43 12 54 
1280: 53 42 03 85 43 19 54 42 24 43 22 33 34 99 92 43 15 61 01 67 
1300: 76 19 43 23 61 01 67 76 15 43 03 22 88 99 92 43 24 61 01 87 
1320: 76 11 99 48 21 48 22 92 76 13 53 99 88 75 48 19 54 42 14 92 
1340: 76 19 53 53 43 21 75 43 23 54 38 65 43 22 55 53 43 24 75 43 
1360: 23 54 38 54 33 34 92 76 12 53 99 75 43 15 54 48 01 42 02 92 
1380: 76 17 53 99 75 43 15 54 48 03 42 18 43 03 42 23 43 01 42 24 
1400: 19 48 06 42 17 43 23 48 24 42 23 19 42 07 00 92 76 14 43 06 
1420: 99 92 43 07 99 92 76 15 43 17 32 43 02 37 42 25 32 42 26 43 
1440: 06 94 32 53 53 43 01 37 85 43 25 54 32 85 43 26 54 32 22 37 
1460: 32 42 20 32 29 77 01 55 53 24 85 03 06 00 54 42 13 53 43 20 
1480: 55 43 14 54 42 12 32 43 20 99 92 76 10 43 12 99 92 43 13 99 
1500: 92 76 16 42 15 99 92 44 15 99 92 76 11 29 77 00 12 53 24 85 
1520: 02 04 54 92 76 15 53 53 43 19 75 43 16 54 11 65 53 43 01 75 
1540: 43 02 54 38 55 53 43 02 75 43 03 54 38 54 42 20 53 43 16 75 
1560: 43 14 54 11 22 49 20 53 43 01 39 75 43 20 65 43 03 39 54 53 
1580: 53 32 43 01 38 75 43 20 65 43 03 38 54 22 37 36 10 71 72 75 
1600: 43 15 75 29 77 00 98 00 85 03 06 00 54 22 77 00 91 42 13 98 
1620: 99 92 76 16 42 15 99 92 44 15 99 92 76 12 99 88 42 14 92 76 
1640: 13 99 88 42 16 92 76 14 99 88 42 19 92 76 17 42 01 99 92 76 
1660: 18 42 02 99 92 76 19 42 03 99 92 76 16 99 88 42 01 92 76 11 
1680: 99 36 11 18 48 03 48 02 92 76 19 36 11 17 43 19 42 01 00 92 
1700: 76 14 99 48 18 48 17 92 76 10 99 88 42 19 92 76 15 53 43 19 
1720: 75 43 01 54 29 77 00 63 53 24 85 02 04 54 53 53 24 65 43 17 
1740: 54 42 15 55 06 00 65 43 18 39 85 43 02 54 42 21 43 18 39 29 
1760: 67 01 20 53 01 32 36 11 71 68 65 43 18 30 53 24 65 01 08 00 
1780: 55 89 54 94 85 43 03 54 61 01 43 01 32 53 53 43 15 65 43 18 
1800: 38 55 06 00 55 43 02 39 54 94 85 43 03 54 37 22 37 71 72 42 
1820: 22 43 21 76 13 53 22 88 65 01 00 00 54 88 99 92 43 22 61 13 
1840: 76 72 32 42 26 01 08 00 32 22 77 38 53 24 75 03 06 00 54 76 
1860: 38 32 43 26 32 92 76 18 53 24 22 88 55 01 00 00 54 88 92 76 
1880: 16 22 57 18 00 42 19 98 92 76 17 43 21 42 02 43 22 42 03 00 
1900: 98 92 76 11 99 18 48 03 48 02 92 76 12 99 18 48 22 48 21 92 
1920: 76 68 53 53 43 21 55 02 85 04 05 54 30 55 53 43 02 55 02 85 
1940: 04 05 54 30 54 23 92 76 13 71 68 42 00 53 53 53 43 03 75 43 
1960: 22 54 42 01 55 02 54 38 22 38 65 02 54 33 34 42 20 43 01 38 
1980: 53 53 22 38 29 77 01 25 01 94 65 43 00 32 43 20 54 65 89 65 
2000: 01 08 00 35 54 22 37 36 10 71 72 42 18 53 53 43 02 75 43 21 
2020: 54 52 22 52 29 67 01 69 55 43 18 39 61 01 75 43 20 65 43 02 
2040: 39 65 06 00 54 33 34 42 15 44 19 00 92 76 14 43 15 98 99 92 
2060: 76 15 43 18 29 77 02 09 53 24 85 03 06 00 54 99 92 76 19 43 
2080: 19 99 92 76 10 99 53 88 55 43 15 54 35 99 92 76 15 43 20 98 
2100: 99 42 16 43 21 99 42 08 43 22 99 42 09 43 23 99 42 10 43 24 
2120: 99 42 11 43 12 99 42 04 43 13 99 42 05 00 92 76 16 42 20 92 
2140: 76 12 88 48 22 48 21 92 76 17 88 48 24 48 23 92 76 13 48 13 
2160: 48 12 92 76 18 88 39 42 13 01 42 12 92 76 15 43 17 32 43 18 
2180: 53 53 37 85 32 42 27 43 06 32 43 07 37 54 32 85 43 27 54 32 
2200: 53 53 22 37 36 10 71 72 75 43 01 54 37 65 43 14 55 53 43 02 
2220: 75 43 01 54 38 55 06 00 54 32 43 02 53 53 37 94 65 43 04 55 
2240: 43 05 85 73 29 54 32 85 73 28 54 22 88 99 92 32 22 88 99 98 
2260: 92 76 11 99 48 18 48 17 43 18 92 53 99 85 43 16 54 22 44 18 
2280: 92 76 17 99 48 07 48 06 92 76 12 98 53 99 75 43 15 54 48 02 
2300: 48 01 92 76 13 29 99 88 48 19 48 03 53 43 19 75 43 03 54 77 
2320: 01 55 53 24 85 02 04 54 42 14 92 76 10 43 03 42 19 43 01 42 
2340: 02 92 76 16 98 53 99 85 43 16 54 42 15 92 76 19 24 01 00 61 
2360: 01 93 76 14 24 08 53 42 28 85 01 54 42 29 98 99 92 76 12 53 
2380: 99 75 43 15 54 48 02 48 01 92 76 16 53 24 85 43 16 54 42 15 
2400: 99 92 76 15 53 43 10 75 43 08 54 32 53 53 53 43 09 75 43 11 
2420: 54 65 43 05 55 43 04 54 22 37 36 10 71 72 75 43 02 54 37 53 
2440: 24 55 53 43 02 75 43 01 54 38 54 32 43 01 37 53 24 55 43 05 
2460: 65 43 04 85 43 09 54 42 29 53 32 94 85 43 08 54 42 28 98 22 
2480: 88 99 92 43 29 61 01 02 76 11 36 16 11 92 76 12 36 16 12 92 
2500: 76 13 99 42 02 92 76 14 99 42 03 92 76 15 99 88 42 04 92 76 
2520: 16 99 88 42 05 92 76 17 53 43 02 75 43 03 54 42 08 53 53 43 
2540: 01 75 43 03 54 55 43 08 54 42 10 53 33 65 93 05 05 08 85 43 
2560: 10 65 93 03 07 09 85 93 00 02 04 54 42 09 53 53 43 04 75 43 
2580: 05 54 65 43 09 54 53 53 24 85 43 05 54 85 43 06 55 01 05 54 
2600: 29 77 01 22 53 24 85 02 04 54 42 00 53 59 75 43 00 54 94 42 
2620: 07 43 00 22 88 99 98 92 76 10 99 53 24 22 88 55 01 00 00 54 
2640: 88 92 76 11 10 42 01 92 76 12 10 42 06 92 76 13 99 88 42 07 
2660: 92 76 14 53 53 10 65 43 07 54 85 43 07 65 01 05 54 42 03 92 
2680: 76 15 53 10 75 43 06 85 43 03 54 42 11 38 29 77 00 72 86 00 
2700: 92 76 16 10 42 02 43 07 49 02 92 76 17 53 10 85 43 02 54 42 
2720: 12 53 53 43 01 38 65 43 12 38 85 43 01 39 65 43 12 39 65 43 
2740: 11 39 54 22 38 42 04 22 88 65 01 00 00 54 88 99 92 76 18 53 
2760: 43 04 39 65 43 01 39 54 35 42 05 53 53 53 43 01 38 65 43 04 
2780: 38 54 94 85 43 12 38 54 65 43 05 54 36 19 71 70 98 92 76 11 
2800: 36 16 11 92 76 12 36 16 12 92 76 13 36 16 10 42 02 92 76 14 
2820: 29 99 42 03 38 77 00 32 86 00 43 03 92 76 15 36 16 10 42 04 
2840: 92 76 16 99 88 42 08 92 76 30 53 43 01 38 65 43 02 38 85 43 
2860: 01 39 65 43 02 39 65 43 03 39 54 22 38 92 76 17 53 43 08 65 
2880: 01 05 93 00 04 02 85 43 04 75 43 06 54 42 09 71 30 42 05 53 
2900: 22 88 65 01 00 00 54 88 99 92 76 18 29 53 43 05 39 65 43 01 
2920: 39 54 35 42 07 53 53 53 43 01 38 65 43 05 38 54 94 85 43 02 
2940: 38 54 65 43 07 54 22 39 87 00 01 61 53 94 85 03 06 00 54 53 
2960: 22 86 00 75 43 09 54 77 01 79 53 24 85 03 06 00 54 53 22 88 
2980: 65 01 00 00 54 88 99 98 92 76 19 47 00 98 92 76 11 36 16 10 
3000: 44 04 92 76 12 86 00 92 76 13 36 16 10 87 00 00 23 94 44 04 
3020: 36 23 16 22 86 00 92 76 14 99 29 53 34 65 93 00 01 06 01 07 
3040: 54 94 44 04 53 43 04 75 08 54 77 00 79 53 43 04 30 35 65 93 
3060: 00 01 01 09 85 93 00 02 03 06 54 61 00 98 53 43 04 30 35 65 
3080: 93 00 01 05 04 85 93 00 00 01 01 07 54 22 44 04 42 02 92 76 
3100: 15 53 36 16 10 65 43 04 39 54 44 04 92 76 16 53 53 99 85 04 
3120: 06 00 54 35 65 05 01 00 54 53 53 94 85 01 54 65 43 02 54 44 
3140: 04 92 76 17 53 53 53 99 55 02 09 93 08 03 54 94 85 01 54 65 
3160: 43 02 54 44 04 92 76 18 00 48 04 22 88 99 92 76 19 88 72 00 
3180: 02 44 00 01 44 03 43 03 99 98 92 76 10 47 08 42 00 42 20 09 
3200: 42 21 00 98 92 76 11 98 36 16 11 92 76 12 36 16 12 92 76 13 
3220: 99 53 88 42 02 65 01 05 54 42 03 92 76 14 53 36 16 10 75 43 
3240: 06 54 44 03 43 03 38 29 77 00 48 86 00 92 76 15 36 16 10 49 
3260: 02 92 76 16 36 16 10 44 02 36 17 71 30 42 04 22 88 99 92 76 
3280: 17 43 04 22 74 20 06 00 64 20 73 20 99 92 76 18 53 43 04 39 
3300: 65 43 01 39 54 35 42 05 53 53 53 43 01 38 65 43 04 38 54 94 
3320: 85 43 02 38 54 65 43 05 54 76 70 22 39 87 00 01 39 53 94 85 
3340: 03 06 00 54 99 22 86 00 92 76 19 72 21 02 44 20 44 21 01 44 
3360: 07 43 07 99 98 92 76 11 98 36 16 11 92 76 12 36 16 12 92 76 
3380: 13 99 53 88 42 02 65 01 04 93 03 01 07 54 42 03 92 76 14 53 
3400: 36 16 10 65 43 02 54 44 03 92 76 15 36 19 14 92 76 16 36 19 
3420: 15 92 76 17 36 19 16 92 76 18 36 19 17 92 76 19 53 43 02 38 
3440: 55 43 04 39 55 43 01 39 75 43 01 30 65 43 04 30 54 36 19 71 
3460: 70 92 76 10 36 19 19 92 76 11 98 36 16 11 92 76 12 36 16 12 
3480: 92 76 13 36 19 13 92 76 14 36 20 14 92 76 15 36 19 14 92 76 
3500: 16 36 19 15 92 76 17 36 19 16 92 76 18 36 19 17 92 76 19 36 
3520: 20 19 92 76 10 36 19 19 92 76 11 98 36 16 11 92 76 12 36 16 
3540: 12 92 76 13 99 53 88 65 01 05 93 00 04 01 07 54 42 03 92 76 
3560: 14 36 16 10 44 03 92 76 15 36 19 14 92 76 16 36 16 10 42 02 
3580: 36 17 71 30 42 04 22 88 99 92 76 17 36 19 17 92 76 18 36 19 
3600: 18 92 76 19 36 19 19 92 76 16 53 24 22 88 55 01 00 00 54 88 
3620: 92 76 11 98 99 16 42 01 92 76 12 99 16 42 06 92 53 99 65 02 
3640: 85 06 54 42 02 73 02 94 32 01 44 02 73 02 92 76 13 71 00 28 
3660: 42 07 37 42 03 32 42 04 92 76 14 71 00 28 42 02 37 42 05 53 
3680: 32 75 43 04 75 43 03 65 43 07 30 85 43 05 65 43 02 30 54 42 
3700: 00 53 43 02 30 75 43 07 30 54 42 05 53 53 43 01 39 65 43 05 
3720: 54 35 65 43 00 54 53 16 85 43 06 54 36 25 71 80 92 76 15 53 
3740: 53 43 00 55 43 05 75 43 03 54 65 43 07 30 75 43 04 54 53 16 
3760: 85 43 01 54 36 25 71 80 98 92 76 11 36 16 10 42 00 92 76 12 
3780: 36 16 10 42 01 92 76 13 99 88 42 02 92 76 14 01 94 49 02 99 
3800: 92 76 15 36 16 10 42 03 92 76 16 53 43 01 55 01 05 85 01 02 
3820: 75 43 02 54 42 04 22 88 99 92 76 17 53 43 00 75 43 03 54 33 
3840: 53 53 34 65 04 55 06 00 54 42 05 85 43 04 54 22 88 99 92 76 
3860: 18 53 43 04 75 43 05 54 22 88 99 92 76 19 47 00 98 92 76 11 
3880: 22 57 29 99 53 88 42 00 58 00 52 22 52 58 09 75 43 00 54 22 
3900: 77 00 30 53 94 85 01 54 77 00 34 94 42 02 53 43 00 75 01 02 
3920: 54 42 20 92 76 12 99 88 42 21 92 76 13 43 21 94 42 21 99 92 
3940: 76 14 53 53 43 20 85 43 21 54 65 01 05 54 76 80 53 22 88 65 
3960: 01 00 00 54 88 99 92 76 15 36 16 10 49 02 92 76 16 36 16 10 
3980: 44 02 92 76 17 29 36 16 10 53 42 03 65 43 02 54 77 01 50 43 
4000: 03 77 01 38 53 43 02 75 09 00 85 43 08 54 61 80 53 43 02 85 
4020: 09 00 75 43 08 54 61 80 53 43 03 75 43 02 54 77 01 38 61 01 
4040: 26 76 11 98 36 24 11 92 76 12 36 24 12 98 92 76 13 36 16 10 
4060: 42 02 53 94 85 43 00 54 42 04 92 76 14 36 16 10 42 03 53 94 
4080: 85 43 01 54 42 05 53 53 43 04 39 94 85 01 54 55 02 54 42 07 
4100: 53 53 53 43 05 39 94 85 01 54 55 02 65 43 00 39 65 43 02 39 
4120: 54 85 43 07 54 53 53 24 65 02 94 85 01 54 22 39 65 06 00 54 
4140: 33 34 99 98 92 76 15 36 16 10 42 06 53 53 53 24 75 43 01 54 
4160: 38 65 43 02 30 54 75 53 53 43 06 75 43 03 54 38 65 43 00 30 
4180: 54 54 53 24 55 53 43 03 75 43 01 54 38 54 22 30 36 25 71 80 
4200: 98 92 76 11 01 94 42 05 92 53 24 75 29 77 00 16 00 85 03 06 
4220: 00 54 22 77 00 07 92 76 15 01 42 05 92 76 16 42 16 99 92 76 
4240: 17 99 48 07 48 06 92 76 10 99 48 10 48 11 92 76 12 42 01 99 
4260: 92 76 13 42 02 00 42 19 43 02 99 92 42 19 99 92 76 14 99 32 
4280: 01 53 32 37 65 43 19 39 54 22 37 32 43 02 53 32 37 55 43 19 
4300: 39 54 53 32 75 43 01 54 32 22 37 36 10 71 72 32 42 20 32 71 
4320: 00 07 42 08 98 99 92 43 20 42 04 99 92 76 19 42 17 99 92 53 
4340: 94 85 43 17 75 43 16 85 43 05 65 43 08 54 71 00 07 42 09 99 
4360: 98 92 76 16 75 43 10 54 38 65 43 11 55 53 43 13 75 43 15 54 
4380: 38 54 33 34 92 76 13 53 24 75 29 77 00 34 00 85 03 06 00 54 
4400: 22 77 13 92 76 11 53 43 09 85 43 08 54 42 20 13 99 92 53 99 
4420: 85 43 16 85 43 20 54 13 99 92 76 15 53 43 09 75 61 00 48 76 
4440: 12 53 43 01 32 43 20 37 42 18 43 06 32 42 17 43 07 37 44 18 
4460: 53 43 17 85 32 54 32 43 18 22 37 32 42 22 32 13 42 21 32 43 
4480: 22 99 92 42 12 43 21 42 13 99 92 76 14 12 92 42 14 43 21 42 
4500: 15 99 92 76 17 53 53 53 43 15 16 55 43 12 54 22 88 99 92 53 
4520: 88 65 43 12 54 99 92 76 19 53 53 53 43 13 16 55 43 14 71 01 
4540: 52 92 53 88 65 43 14 54 92 76 18 17 88 42 17 19 53 88 85 43 
4560: 17 61 01 52 76 10 36 27 10 92 76 12 53 99 88 65 43 12 54 99 
4580: 92 76 14 53 99 88 65 43 14 54 99 92 76 17 94 32 43 13 37 42 
4600: 18 43 11 32 42 17 43 10 37 44 18 53 43 17 85 32 54 32 43 18 
4620: 22 37 32 42 20 32 53 24 85 29 22 77 00 66 00 75 03 06 00 54 
4640: 22 77 00 56 42 17 43 20 42 18 98 99 92 43 17 99 98 92 76 19 
4660: 94 32 43 15 61 00 28 76 11 99 48 13 48 12 92 76 15 99 48 15 
4680: 48 14 92 76 10 36 27 10 92 76 18 43 17 42 10 43 18 42 11 00 
4700: 92 76 11 53 24 65 93 00 00 00 04 09 03 07 03 06 05 54 92 76 
4720: 12 53 24 65 93 08 06 08 09 07 06 02 04 54 92 76 13 53 24 65 
4740: 03 93 07 08 05 04 01 01 07 08 04 54 92 76 14 53 24 65 93 04 
4760: 05 03 05 09 02 03 07 54 92 76 15 53 53 24 75 03 02 54 65 05 
4780: 55 09 54 92 76 16 35 11 35 92 76 17 35 12 35 92 76 18 35 13 
4800: 35 92 76 19 35 14 35 92 76 10 53 24 65 01 93 08 85 03 02 54 
4820: 92 61 11 92 92 92 92 92 92 92 92 92 92 92 92 92 92 92 92 92 
4840: 92 92 92 92 92 92 92 92 92 92 92 92 92 92 92 92 92 92 92 92 
4860: 92 92 92 92 92 92 92 92 92 92 92 92 92 92 92 92 92 92 92 92 
4880: 92 92 92 92 92 92 92 92 92 92 92 92 92 92 92 92 92 92 92 92 
4900: 92 92 92 92 92 92 92 92 92 92 92 92 92 92 92 92 92 92 92 92 
4920: 92 92 92 92 92 92 92 92 92 92 92 92 92 92 92 92 92 92 92 92 
4940: 92 92 92 92 92 92 92 92 92 92 92 92 92 92 92 92 92 92 92 92 
4960: 92 92 92 92 92 92 92 92 92 92 92 92 92 92 92 92 92 92 92 92 
4980: 92 92 92 92 92 92 92 92 92 92 92 92 92 92 92 92 92 92 92 92 