TMS0540 SECOND ROM Recorder Initialized
Datamath Calculator Museum September 2023
DUT: TMC0548NL BSA7812
SECURITIES ANALYSIS MODULE -8-
(C) Texas Instruments 1978
-----------------------------------------------------------------
0000: 15 00 00 34 01 41 03 37 04 84 11 82 15 41 18 89 22 84 26 89 
0020: 28 73 34 19 37 48 41 24 46 05 48 38 49 98 76 24 60 76 25 29 
0040: 06 42 01 00 72 01 97 01 00 10 92 76 95 71 24 05 32 03 00 37 
0060: 78 22 37 78 69 12 88 78 69 11 22 88 22 78 69 14 53 24 75 01 
0080: 93 01 36 15 16 54 52 22 52 32 03 06 04 08 03 04 93 02 03 09 
0100: 05 94 67 96 00 35 76 96 69 00 02 04 03 07 02 04 01 07 03 06 
0120: 58 09 69 04 03 06 01 07 01 05 04 01 03 05 69 03 69 05 08 99 
0140: 92 76 12 42 02 32 03 06 36 09 16 92 22 49 02 99 92 76 11 42 
0160: 01 76 19 32 03 01 36 09 15 92 76 13 42 03 32 07 06 71 00 07 
0180: 92 22 49 03 99 92 76 14 42 04 32 03 07 71 00 07 92 22 49 04 
0200: 99 92 76 15 42 05 32 02 07 71 00 07 92 22 49 05 99 92 76 16 
0220: 42 06 32 03 03 03 01 04 03 71 00 07 92 44 06 99 92 76 17 42 
0240: 07 32 01 06 03 03 03 02 71 00 07 92 44 07 99 92 76 18 42 08 
0260: 32 01 04 06 03 03 00 61 00 07 76 10 32 53 01 07 03 03 03 06 
0280: 71 00 07 55 43 02 55 43 03 55 53 53 43 04 65 43 05 55 43 02 
0300: 75 53 01 85 43 06 55 04 65 53 02 75 43 07 54 54 45 43 01 54 
0320: 66 65 43 08 85 01 54 54 99 92 76 25 47 00 58 09 92 76 25 01 
0340: 42 03 42 04 00 58 09 92 76 14 42 04 61 15 76 13 42 03 61 00 
0360: 85 76 12 42 02 61 10 76 11 42 01 61 01 43 65 53 01 85 43 02 
0380: 55 01 00 00 54 92 76 19 53 43 03 71 00 37 45 43 01 94 54 76 
0400: 15 32 03 03 04 02 36 09 16 92 76 18 53 43 04 71 00 37 45 43 
0420: 01 54 32 02 01 04 02 61 00 69 76 17 53 53 53 43 03 55 43 04 
0440: 54 45 43 01 35 75 01 54 65 01 00 00 54 76 10 32 06 01 02 04 
0460: 61 00 69 76 16 53 53 43 03 55 43 04 54 23 71 00 37 23 35 54 
0480: 36 02 19 92 76 25 47 01 42 04 58 09 06 42 06 22 86 40 06 97 
0500: 06 00 11 00 92 76 10 86 05 98 92 76 16 71 00 06 86 01 92 76 
0520: 17 71 00 06 86 02 92 76 18 71 00 06 86 03 92 76 19 71 00 06 
0540: 86 04 92 76 11 87 05 04 33 42 01 36 02 19 92 76 12 87 05 01 
0560: 56 53 42 09 55 01 00 00 85 42 02 01 54 48 09 36 03 10 92 76 
0580: 13 87 05 05 12 42 03 32 03 03 03 00 03 07 61 01 52 76 14 87 
0600: 05 05 51 42 04 87 01 01 33 87 02 01 33 36 03 15 92 36 05 19 
0620: 92 76 15 87 05 05 70 42 05 32 01 04 01 03 02 07 36 09 16 92 
0640: 01 42 13 06 94 22 28 32 53 43 04 55 43 03 54 42 10 53 87 03 
0660: 02 59 87 04 02 59 55 43 01 33 75 43 10 35 54 42 08 44 13 71 
0680: 06 59 42 14 53 53 87 01 02 09 43 13 65 43 14 75 43 10 54 55 
0700: 53 53 43 14 75 43 01 65 43 12 55 43 13 54 55 43 08 54 87 01 
0720: 02 47 53 24 65 43 13 75 43 14 54 54 44 08 44 13 50 77 01 95 
0740: 61 04 19 43 05 55 43 03 85 42 14 43 01 49 14 75 43 10 54 42 
0760: 08 53 43 01 85 33 55 02 85 43 14 55 43 01 54 87 03 03 07 53 
0780: 43 01 94 85 33 55 02 85 43 14 54 22 49 08 43 08 44 13 53 71 
0800: 06 59 22 87 06 03 26 71 06 80 55 43 12 54 42 06 53 53 87 03 
0820: 03 41 43 13 65 43 06 85 43 14 55 43 01 55 43 12 75 43 10 54 
0840: 55 53 53 43 06 75 43 01 22 87 06 03 78 53 24 85 43 15 65 43 
0860: 16 54 55 43 12 55 43 13 54 55 43 08 54 53 87 03 04 00 65 43 
0880: 13 75 43 06 85 43 14 55 43 12 55 43 13 54 54 44 08 44 13 50 
0900: 77 03 14 53 43 08 65 01 00 00 54 22 87 06 00 91 92 43 03 42 
0920: 11 42 10 53 43 09 87 06 04 59 87 01 04 65 87 03 04 65 49 11 
0940: 61 04 63 45 43 15 54 49 10 43 04 65 43 02 54 87 01 04 90 87 
0960: 02 04 90 94 44 10 53 43 05 65 43 02 54 94 44 11 53 53 43 11 
0980: 55 43 10 54 23 55 43 09 23 54 22 87 06 00 67 92 71 06 20 22 
1000: 87 06 05 32 75 43 15 54 65 53 01 75 43 18 54 54 55 53 43 04 
1020: 75 43 05 55 43 12 54 54 35 22 87 06 01 03 92 71 06 20 65 43 
1040: 03 85 43 05 55 43 12 54 22 87 06 01 21 92 53 53 87 03 05 79 
1060: 43 09 65 71 06 51 22 87 06 05 96 43 15 65 43 03 85 71 06 76 
1080: 55 43 12 65 43 03 94 22 87 06 06 09 92 85 43 04 54 65 43 12 
1100: 54 61 01 45 53 71 06 51 22 87 06 06 32 71 06 76 87 01 06 50 
1120: 87 02 06 47 55 43 12 87 03 06 50 65 43 09 92 43 09 42 13 43 
1140: 02 42 08 53 53 43 13 45 43 01 75 42 12 01 54 55 43 08 54 92 
1160: 43 09 42 13 53 53 43 13 45 53 43 15 85 43 01 54 75 42 16 61 
1180: 06 69 76 25 02 00 42 09 01 42 01 58 09 22 86 02 22 86 05 92 
1200: 76 13 94 76 12 42 03 43 01 58 09 99 43 03 72 09 58 02 99 69 
1220: 21 69 29 43 01 92 76 11 42 12 32 02 04 03 01 04 02 36 09 16 
1240: 92 76 16 99 42 07 42 08 92 76 18 94 76 17 32 01 09 44 07 32 
1260: 72 07 99 69 28 43 08 32 43 01 22 67 00 94 42 03 92 76 14 00 
1280: 42 04 42 05 43 09 42 07 43 01 42 08 69 38 69 37 53 73 07 44 
1300: 04 65 43 08 54 44 05 97 08 01 12 53 53 43 04 75 43 12 54 55 
1320: 43 05 54 42 06 58 09 06 94 22 28 32 43 09 42 08 43 01 42 07 
1340: 69 37 43 12 94 42 04 00 42 05 42 11 42 10 69 38 53 53 43 06 
1360: 94 65 43 07 54 22 23 65 73 08 65 44 04 43 07 65 44 05 43 07 
1380: 65 44 11 43 07 54 44 10 97 07 01 72 53 53 53 43 05 35 49 04 
1400: 49 11 65 43 10 55 06 75 43 11 33 55 02 54 65 43 04 94 85 43 
1420: 11 55 02 54 65 43 04 33 85 43 04 54 44 06 50 77 01 50 53 53 
1440: 43 06 22 23 75 01 54 65 01 00 00 54 98 36 03 10 92 76 15 22 
1460: 76 10 86 01 53 87 02 02 90 36 03 10 55 01 00 00 85 01 54 42 
1480: 02 98 43 01 42 07 02 00 42 08 53 43 12 65 43 02 45 43 07 75 
1500: 73 08 69 28 97 07 03 11 00 54 94 87 01 19 53 24 55 43 02 45 
1520: 43 01 54 87 02 03 48 36 03 15 92 76 19 32 02 01 04 02 61 00 
1540: 55 76 25 00 42 16 36 05 71 25 42 15 42 17 86 02 92 76 11 53 
1560: 42 15 55 01 00 00 94 85 01 54 48 15 76 70 32 03 07 01 03 04 
1580: 04 71 01 15 92 53 42 16 55 01 00 00 54 48 16 76 80 32 01 05 
1600: 02 02 03 07 61 01 15 76 12 53 24 65 43 15 54 36 05 12 92 76 
1620: 16 36 05 16 92 76 17 53 24 65 43 15 54 36 05 17 92 76 18 53 
1640: 42 17 55 01 00 00 85 01 54 48 17 32 02 02 03 05 36 09 16 92 
1660: 76 19 42 18 92 42 07 00 42 08 53 43 18 65 43 17 45 43 08 54 
1680: 12 69 28 97 07 01 29 92 76 13 87 05 01 72 42 12 92 44 12 43 
1700: 12 76 60 32 01 04 04 01 04 05 61 01 15 00 48 12 42 19 53 53 
1720: 43 14 36 05 15 65 53 43 02 45 53 43 01 75 01 54 54 48 19 42 
1740: 12 43 19 85 43 13 65 53 01 75 43 16 54 54 55 53 43 19 75 43 
1760: 16 54 54 61 01 62 76 14 87 05 02 51 42 13 92 22 44 13 43 13 
1780: 32 03 06 01 07 02 07 02 07 61 01 15 53 53 53 00 48 12 42 19 
1800: 75 43 14 36 05 15 54 65 43 02 45 53 43 01 75 01 54 75 43 19 
1820: 42 12 65 43 16 54 55 53 01 75 43 16 54 54 61 02 39 76 15 87 
1840: 05 03 08 42 14 36 03 10 92 69 39 53 43 13 75 53 24 75 43 12 
1860: 54 65 43 16 54 74 09 69 29 36 05 14 69 39 32 43 03 72 09 69 
1880: 29 32 92 76 10 86 05 98 92 76 25 47 03 06 05 48 05 58 09 22 
1900: 86 01 92 76 11 42 01 36 09 10 92 76 12 42 02 36 09 19 92 76 
1920: 13 42 03 32 04 02 03 02 02 07 36 09 16 92 76 14 53 42 04 55 
1940: 01 00 00 54 48 04 36 03 10 92 76 18 42 08 58 04 99 92 32 01 
1960: 06 02 04 04 02 71 00 41 53 24 55 53 01 85 43 04 54 45 53 53 
1980: 43 08 36 15 16 75 43 06 54 55 43 05 54 54 44 10 58 02 99 92 
2000: 76 16 42 06 36 15 16 48 06 99 92 76 17 42 07 36 15 16 48 07 
2020: 99 92 76 15 86 01 76 10 98 53 43 01 75 43 10 54 42 11 53 53 
2040: 43 07 75 43 06 54 55 43 05 54 53 53 53 42 19 65 43 04 85 42 
2060: 12 53 43 11 55 43 02 54 23 54 55 53 43 03 55 01 00 00 65 43 
2080: 19 34 54 42 13 54 42 14 85 71 02 53 54 42 15 53 53 87 01 02 
2100: 13 94 48 14 75 71 02 53 65 43 02 55 43 12 22 23 22 87 01 02 
2120: 33 94 85 43 14 65 43 11 54 36 09 18 22 86 01 92 43 15 36 09 
2140: 17 92 43 13 55 02 54 29 22 87 01 03 83 77 03 86 53 53 42 16 
2160: 33 22 23 65 02 65 89 54 34 35 65 43 16 53 50 65 93 02 03 01 
2180: 06 04 01 09 85 01 54 35 53 42 16 49 16 42 17 65 93 03 01 09 
2200: 03 08 01 05 03 75 93 03 05 06 05 06 03 07 08 02 65 43 16 49 
2220: 17 85 01 93 07 08 01 04 07 07 09 03 07 65 43 17 75 01 93 08 
2240: 02 01 02 05 05 09 07 08 65 43 16 49 17 33 85 01 93 03 03 00 
2260: 02 07 04 04 02 09 65 43 17 54 54 92 77 02 67 71 02 67 53 94 
2280: 85 01 54 92 76 25 00 42 07 42 10 58 09 92 76 16 22 76 11 86 
2300: 01 42 01 36 02 19 92 76 12 42 02 32 87 01 00 41 03 03 04 01 
2320: 03 07 61 00 49 01 05 01 03 02 07 02 07 36 09 16 92 42 14 32 
2340: 01 05 03 02 03 00 61 00 49 76 13 42 03 36 09 19 92 76 14 42 
2360: 04 36 02 19 92 42 05 36 09 10 92 76 15 53 42 06 55 01 00 00 
2380: 54 42 09 69 29 94 42 08 69 28 94 48 06 32 06 01 01 05 61 00 
2400: 49 76 10 42 07 32 01 06 02 04 04 02 36 09 16 92 42 10 32 03 
2420: 00 03 01 03 07 61 00 49 76 17 53 43 01 65 01 00 00 65 42 15 
2440: 43 02 75 43 14 85 42 11 43 04 65 53 43 05 65 87 01 01 86 43 
2460: 08 75 43 07 75 43 09 61 01 95 43 09 94 85 43 07 85 43 08 65 
2480: 43 03 54 54 42 12 32 98 03 00 01 03 04 04 61 00 49 76 18 53 
2500: 43 10 75 43 11 85 43 04 65 43 05 65 87 01 02 42 53 93 05 85 
2520: 43 06 54 61 02 44 43 09 54 32 02 04 03 01 04 02 36 09 16 92 
2540: 53 35 65 43 12 65 01 00 00 54 36 03 10 92 76 19 87 01 02 95 
2560: 71 03 08 32 04 01 36 09 16 92 71 03 39 32 02 07 61 00 49 71 
2580: 03 39 71 02 79 92 71 03 08 61 02 89 53 53 43 12 85 43 04 65 
2600: 87 01 03 25 43 09 61 03 28 43 08 94 65 42 13 43 03 54 55 43 
2620: 13 54 92 53 53 43 12 85 53 43 15 75 43 04 54 42 13 29 94 77 
2640: 04 02 94 65 43 03 65 53 01 85 43 06 87 01 03 77 54 94 61 03 
2660: 79 94 54 54 55 43 13 55 53 01 75 43 06 87 01 03 98 54 94 61 
2680: 04 00 94 54 54 92 00 35 92 76 25 00 58 09 92 76 11 42 01 76 
2700: 10 32 03 06 02 03 76 16 58 09 69 04 58 02 32 69 06 22 86 05 
2720: 92 76 15 58 09 69 04 61 00 25 76 12 42 02 76 19 32 01 07 04 
2740: 04 61 16 76 13 42 03 32 01 05 16 32 01 77 01 79 53 43 01 55 
2760: 43 02 54 42 04 77 01 27 32 53 53 35 65 43 04 54 45 53 43 03 
2780: 55 53 24 75 01 54 42 05 54 65 43 05 65 43 02 54 71 01 67 92 
2800: 53 53 43 04 55 43 03 54 45 43 05 35 54 61 01 43 69 34 53 43 
2820: 04 65 43 02 54 71 01 67 92 01 76 17 32 02 03 03 05 61 16 76 
2840: 14 53 43 01 33 85 43 02 33 54 53 34 75 43 02 54 98 76 18 32 
2860: 04 02 01 03 02 07 61 16 00 35 43 03 92 76 25 36 04 71 25 03 
2880: 06 05 42 25 02 42 26 01 00 00 42 27 00 58 09 92 76 17 58 04 
2900: 99 53 53 36 15 16 75 43 24 54 55 43 25 65 43 26 54 76 11 87 
2920: 05 00 56 42 01 36 02 19 92 43 01 42 20 00 42 01 71 04 39 93 
2940: 00 01 32 53 36 04 11 75 48 01 54 50 77 00 63 43 20 48 01 58 
2960: 02 52 22 52 36 02 19 92 76 12 87 05 01 26 53 42 09 55 01 00 
2980: 00 55 43 26 85 42 02 01 54 48 09 36 03 10 92 36 09 16 92 71 
3000: 04 39 53 36 04 12 65 43 26 54 61 01 18 76 13 87 05 01 56 42 
3020: 17 32 06 01 01 05 61 01 22 71 04 39 43 29 42 04 53 53 53 36 
3040: 04 13 55 43 28 65 43 26 65 01 00 00 54 61 01 48 76 14 87 05 
3060: 02 18 53 42 29 71 05 04 65 01 00 54 48 29 36 06 71 60 92 44 
3080: 29 32 01 05 03 02 03 00 61 01 22 71 04 39 53 43 28 65 53 01 
3100: 75 43 19 54 54 42 05 53 53 36 04 14 75 43 15 65 43 03 54 55 
3120: 01 00 55 53 01 75 43 19 55 43 12 54 54 71 05 25 61 02 01 76 
3140: 15 87 05 02 94 53 42 28 71 05 04 65 01 00 54 48 28 32 03 00 
3160: 01 03 03 07 61 01 22 71 04 39 53 43 17 55 01 00 00 65 53 01 
3180: 75 43 18 54 55 43 26 54 42 03 36 04 15 75 53 01 75 43 19 54 
3200: 55 43 12 54 94 35 65 53 43 29 75 24 65 43 19 55 43 12 54 55 
3220: 01 00 54 71 05 25 61 02 84 76 16 58 04 99 36 15 11 92 76 18 
3240: 98 53 43 28 65 43 17 65 53 01 75 43 18 54 55 43 29 54 32 01 
3260: 05 04 05 02 07 01 06 61 01 22 76 19 53 42 18 55 01 00 00 54 
3280: 48 18 36 06 71 70 92 53 42 19 55 01 00 00 54 48 19 36 06 71 
3300: 80 92 76 10 86 05 86 06 86 03 98 92 53 43 28 75 53 24 75 43 
3320: 29 54 65 43 19 54 42 05 53 43 17 55 01 00 00 65 43 28 55 43 
3340: 26 65 53 01 75 43 18 54 54 42 03 29 43 01 22 59 67 04 91 53 
3360: 94 85 01 54 53 42 15 65 43 03 85 43 29 54 42 04 92 42 20 22 
3380: 59 53 22 44 20 65 01 00 00 55 43 27 54 44 20 43 20 92 42 20 
3400: 22 59 53 22 44 20 55 01 00 00 65 43 27 54 44 20 43 20 92 76 
3420: 90 66 66 66 66 66 66 92 76 25 47 01 42 14 58 09 00 92 76 16 
3440: 42 20 22 86 01 36 02 19 71 03 18 98 92 76 11 42 12 32 03 03 
3460: 36 09 16 92 76 12 42 13 32 01 06 61 00 41 76 13 53 53 43 12 
3480: 75 43 14 85 43 13 54 55 43 14 54 87 01 01 43 72 07 69 27 43 
3500: 12 42 14 98 92 73 07 78 69 27 97 08 00 86 79 42 15 32 06 07 
3520: 01 07 03 05 02 04 71 03 12 22 79 42 24 33 42 16 32 04 02 01 
3540: 03 03 05 02 04 71 03 12 43 24 32 03 06 01 06 02 04 36 09 15 
3560: 98 92 72 00 69 20 61 00 80 76 17 86 01 32 98 71 03 18 03 06 
3580: 61 01 38 76 18 71 03 18 69 27 69 20 43 20 42 08 69 38 36 01 
3600: 71 25 22 87 01 00 86 73 07 32 73 00 78 69 27 69 20 97 08 01 
3620: 88 98 69 12 42 21 32 42 22 01 03 71 03 12 43 22 32 01 04 71 
3640: 03 12 53 53 43 02 75 43 21 65 43 01 75 43 22 65 43 06 54 55 
3660: 53 43 20 75 03 54 54 42 17 53 43 21 85 43 22 65 43 15 54 42 
3680: 18 32 01 07 03 05 71 03 12 53 43 22 33 65 43 16 85 43 17 54 
3700: 42 19 32 04 02 01 03 03 05 71 03 12 34 42 25 32 03 06 01 06 
3720: 71 03 12 69 13 33 32 03 05 07 00 36 09 15 71 90 92 02 06 42 
3740: 07 42 00 43 20 44 00 92 76 25 36 04 71 25 47 92 76 18 42 01 
3760: 36 02 19 71 02 26 43 01 92 76 19 42 18 32 03 03 02 03 02 04 
3780: 36 09 15 92 76 10 98 43 01 42 05 71 02 26 53 73 00 65 43 18 
3800: 94 65 73 09 35 44 03 65 44 04 73 08 54 44 17 53 73 08 55 73 
3820: 09 65 44 06 73 08 54 44 07 69 20 69 28 69 29 97 05 00 46 53 
3840: 53 53 43 24 65 02 54 35 42 11 65 43 23 65 43 18 75 43 17 85 
3860: 43 06 55 43 03 65 69 34 43 04 54 55 53 43 06 33 55 43 03 85 
3880: 43 11 75 43 07 54 54 42 12 53 53 94 65 43 06 85 43 04 69 24 
3900: 54 55 43 03 54 42 13 71 02 37 43 01 42 05 53 53 73 00 65 43 
3920: 18 94 75 43 12 65 73 08 75 43 13 54 55 73 09 54 32 53 43 00 
3940: 75 02 05 54 36 11 71 90 99 04 03 02 02 03 07 71 00 32 36 11 
3960: 71 90 69 20 69 28 69 29 97 05 01 66 98 92 00 42 03 42 04 42 
3980: 06 42 07 42 17 53 02 06 42 00 85 43 01 85 42 08 43 01 54 42 
4000: 09 92 76 16 42 23 32 06 07 01 07 03 05 02 04 61 00 32 76 17 
4020: 42 24 32 04 02 01 03 03 05 02 04 61 00 32 76 11 98 72 00 32 
4040: 53 43 00 75 02 05 54 99 01 03 71 00 32 92 76 12 72 08 32 01 
4060: 04 71 00 32 92 76 13 72 09 32 04 02 01 03 03 05 71 00 32 32 
4080: 02 94 64 09 32 92 76 14 42 20 32 53 43 20 33 85 43 25 33 65 
4100: 43 24 54 72 09 03 06 01 07 03 05 61 03 28 76 15 69 20 69 28 
4120: 69 29 98 92 76 16 42 05 36 15 16 48 05 32 01 04 01 06 58 09 
4140: 69 04 32 58 04 69 06 92 76 17 42 06 71 00 58 48 06 32 03 03 
4160: 01 06 61 00 14 76 18 42 07 71 00 58 48 07 32 03 06 01 06 61 
4180: 00 14 53 53 24 36 15 16 75 43 05 54 55 03 06 05 54 42 01 92 
4200: 76 11 42 20 32 03 01 58 09 69 04 32 69 06 92 76 12 42 27 32 
4220: 01 05 03 02 03 06 03 07 86 00 61 01 54 76 13 42 28 32 03 00 
4240: 03 03 86 00 61 01 54 76 14 42 29 32 02 04 03 01 01 05 86 00 
4260: 71 01 54 98 92 76 25 47 58 09 00 92 07 07 03 07 01 05 58 09 
4280: 69 04 32 58 02 87 00 01 69 36 11 71 90 69 06 22 86 00 92 07 
4300: 07 03 00 04 02 61 01 54 07 07 02 02 06 03 02 07 61 01 54 07 
4320: 07 01 03 02 04 61 01 54 76 15 53 43 27 65 43 20 54 44 15 42 
4340: 04 32 71 01 50 53 43 28 65 43 20 54 44 16 42 03 32 71 01 77 
4360: 53 43 29 65 43 20 54 42 12 44 18 32 71 01 97 53 43 20 65 53 
4380: 43 28 75 43 27 54 54 44 17 32 71 01 86 53 53 43 29 55 43 27 
4400: 54 32 43 12 53 69 10 65 32 54 42 24 65 01 00 00 54 32 06 01 
4420: 04 05 71 01 54 53 53 53 53 43 03 55 43 04 54 22 45 43 01 54 
4440: 75 01 54 42 25 65 01 00 00 54 32 06 01 01 03 02 02 71 01 54 
4460: 53 53 43 24 85 43 25 54 65 01 00 00 54 42 26 32 06 01 03 07 
4480: 04 05 71 01 54 53 43 04 65 43 24 54 44 10 53 43 04 65 43 25 
4500: 54 44 11 43 26 98 98 92 76 19 43 15 32 71 01 48 43 16 32 71 
4520: 01 75 43 18 32 71 01 95 43 17 32 71 01 84 53 43 10 55 43 15 
4540: 65 01 00 00 54 42 13 32 03 03 06 01 04 05 71 01 54 53 43 11 
4560: 55 43 15 65 01 00 00 54 42 14 32 03 03 06 01 01 03 02 02 71 
4580: 01 54 53 43 13 85 43 14 54 32 03 03 06 01 03 07 04 05 71 01 
4600: 54 98 98 98 92 76 25 47 00 58 09 92 76 11 42 10 99 92 36 09 
4620: 15 92 76 16 42 11 99 92 76 12 42 12 32 03 03 03 01 04 03 61 
4640: 00 50 76 13 42 13 32 01 07 01 03 03 05 03 01 36 09 16 92 76 
4660: 18 53 42 14 55 01 00 00 54 48 14 32 02 04 03 01 04 02 61 00 
4680: 50 76 14 53 42 15 55 01 00 00 85 42 05 01 54 48 15 36 03 10 
4700: 92 76 15 53 42 16 55 01 00 00 85 42 06 01 54 48 16 32 06 01 
4720: 02 02 61 00 50 76 17 43 11 42 17 43 10 22 44 17 53 43 15 45 
4740: 43 17 65 42 07 43 12 85 43 13 65 43 14 65 29 53 43 05 75 43 
4760: 06 54 67 01 75 35 65 53 43 07 75 43 16 45 43 17 54 61 01 83 
4780: 43 17 65 43 07 55 43 15 54 42 18 32 02 01 03 01 04 03 61 00 
4800: 50 76 19 32 02 04 03 05 53 53 53 71 00 50 55 01 00 00 85 01 
4820: 54 45 43 17 54 35 65 43 18 54 32 03 03 04 02 61 00 50 76 11 
4840: 42 24 71 00 34 48 24 92 76 12 42 20 71 00 34 48 20 92 76 13 
4860: 58 09 53 43 20 75 43 24 54 92 76 16 58 04 53 42 21 29 22 59 
4880: 22 44 21 65 04 22 28 54 42 23 53 53 43 21 55 01 00 00 54 42 
4900: 21 22 59 22 44 21 65 01 00 00 54 42 22 53 03 06 05 65 43 23 
4920: 85 43 22 85 03 01 65 43 21 75 03 01 85 03 32 43 21 22 77 01 
4940: 20 53 93 04 65 43 21 85 02 93 03 54 59 94 85 01 44 23 01 22 
4960: 44 23 53 43 23 55 04 54 59 75 53 93 07 05 85 53 43 23 55 01 
4980: 00 00 54 59 65 93 07 05 54 59 54 92 76 25 00 58 09 92 92 92 