TMS0540 SECOND ROM Recorder Initialized
Datamath Calculator Museum June 2023
DUT: TMC0554NL SP7914
AGRICULTURE MODULE -12-
(C) ISU 1978, Texas Instruments 1979
-----------------------------------------------------------------
ADDR: BCD DATA
0000: 17 00 00 38 01 52 01 88 02 32 02 65 07 45 15 27 17 09 24 85 
0020: 29 46 30 90 32 74 35 04 38 43 41 32 44 05 49 93 49 94 76 24 
0040: 00 42 09 60 58 09 76 25 29 06 42 01 00 72 01 97 01 00 15 92 
0060: 76 95 71 24 05 32 03 00 37 78 22 37 78 69 12 88 78 69 11 22 
0080: 88 22 78 69 14 53 24 75 01 00 00 36 03 12 54 52 22 52 32 01 
0100: 06 05 93 07 06 00 05 01 05 04 67 96 00 35 76 96 69 00 01 03 
0120: 69 02 02 02 03 05 02 04 01 05 04 01 69 03 02 07 03 07 04 01 
0140: 03 05 01 07 69 04 69 05 01 02 99 92 76 11 32 01 42 00 25 32 
0160: 76 16 72 00 69 20 43 00 92 61 16 76 12 01 42 00 76 17 43 00 
0180: 66 73 00 92 69 20 61 17 76 11 53 24 55 36 07 16 54 92 76 16 
0200: 35 11 35 92 76 17 53 53 24 75 03 02 54 65 05 55 09 54 92 76 
0220: 12 53 24 65 01 93 08 85 03 02 54 92 76 11 42 29 92 76 12 55 
0240: 43 29 95 42 28 01 42 00 43 00 66 43 28 65 73 00 95 99 92 69 
0260: 20 61 00 16 92 76 57 55 01 00 00 54 92 76 12 42 26 98 43 19 
0280: 55 43 26 95 42 13 43 20 55 43 26 95 42 14 43 21 55 43 26 95 
0300: 42 15 43 22 55 43 26 95 42 16 43 23 55 43 26 95 42 17 43 24 
0320: 55 43 26 95 42 18 43 13 99 92 55 43 01 95 99 92 32 58 02 47 
0340: 01 42 26 25 32 42 00 75 08 00 00 92 76 11 71 00 71 95 94 65 
0360: 03 01 55 01 00 45 07 95 42 05 85 93 00 02 95 65 43 00 95 42 
0380: 01 65 53 93 05 04 85 43 05 65 01 00 95 42 03 93 00 06 65 43 
0400: 01 95 42 02 93 00 04 04 42 04 00 32 92 22 67 17 68 93 08 03 
0420: 06 49 01 93 08 01 07 49 02 93 08 05 49 03 93 09 49 04 61 17 
0440: 68 76 16 71 00 71 95 94 65 09 55 01 00 45 06 95 85 93 00 02 
0460: 08 95 65 43 00 95 42 01 65 93 04 06 05 95 42 03 43 01 65 93 
0480: 00 08 00 03 95 42 02 93 00 06 06 42 04 02 32 01 95 92 22 77 
0500: 17 68 01 93 02 06 49 03 01 93 03 02 49 02 01 93 06 05 49 04 
0520: 76 17 25 01 95 92 42 10 02 95 92 22 49 10 03 95 92 42 12 65 
0540: 43 10 95 44 20 04 95 92 71 00 02 49 12 43 12 44 19 05 95 92 
0560: 71 00 02 65 43 12 95 44 21 06 95 92 71 00 02 65 43 12 95 44 
0580: 22 07 95 92 71 00 02 65 43 12 95 44 23 08 95 92 71 00 02 65 
0600: 43 12 95 44 24 61 17 68 76 13 25 58 02 01 32 43 16 99 92 55 
0620: 43 03 95 77 03 63 65 65 99 92 76 14 25 58 02 01 32 43 15 99 
0640: 92 55 43 02 95 77 03 85 65 65 99 92 76 19 42 25 00 32 43 02 
0660: 75 43 15 95 55 43 25 65 01 00 00 95 77 04 11 32 99 92 65 43 
0680: 26 95 99 92 76 15 25 58 02 01 32 43 17 55 43 04 95 77 04 37 
0700: 65 65 43 17 99 92 43 17 75 43 04 95 99 92 25 43 18 55 43 04 
0720: 95 77 04 61 65 65 43 18 99 92 43 18 75 43 04 95 99 92 76 10 
0740: 25 43 14 99 92 76 44 65 43 17 95 74 00 69 20 92 76 29 65 02 
0760: 93 02 02 05 95 92 76 13 25 01 75 43 10 45 93 07 05 65 93 00 
0780: 04 02 06 55 43 03 95 77 00 48 65 65 92 65 43 04 65 93 00 04 
0800: 09 05 55 43 10 45 93 07 05 85 93 00 00 02 07 07 09 95 34 65 
0820: 01 06 01 93 01 06 75 08 93 04 09 06 02 95 99 42 21 92 43 02 
0840: 55 43 21 95 92 85 43 02 95 55 43 21 95 92 76 15 43 12 85 43 
0860: 13 75 43 15 95 92 76 11 98 99 32 58 09 03 69 17 47 06 69 17 
0880: 58 02 25 32 42 10 76 16 22 86 01 01 98 92 99 42 16 02 92 99 
0900: 22 49 16 03 92 99 42 17 65 43 16 95 44 02 04 42 00 92 99 49 
0920: 17 05 92 99 65 43 17 44 01 95 44 03 06 92 99 71 44 07 92 99 
0940: 71 44 08 92 99 77 02 10 69 20 71 44 61 02 14 71 44 69 20 09 
0960: 92 99 55 01 00 00 71 44 01 00 92 99 55 01 00 00 71 44 61 16 
0980: 76 12 99 42 11 67 02 55 09 42 00 43 11 35 64 00 97 00 02 49 
1000: 25 43 01 55 53 43 10 65 93 09 65 53 93 00 03 03 75 43 10 55 
1020: 05 22 28 95 92 43 01 99 92 76 14 42 16 43 11 67 02 96 22 49 
1040: 16 04 92 42 17 49 16 07 92 42 18 87 01 03 20 65 43 16 94 85 
1060: 43 05 95 42 12 08 92 71 29 42 19 87 01 70 65 43 16 95 94 85 
1080: 77 03 49 43 06 71 29 42 13 86 01 87 02 70 43 07 71 29 42 14 
1100: 86 02 22 87 01 03 38 76 70 43 21 65 53 03 05 02 07 75 43 10 
1120: 54 85 43 10 45 93 07 03 04 65 02 04 95 65 93 00 05 02 06 95 
1140: 42 15 22 86 02 43 13 85 43 14 95 77 04 33 15 94 42 00 77 04 
1160: 20 25 92 25 92 43 19 77 04 53 43 00 55 43 18 61 04 95 43 15 
1180: 75 43 12 85 43 14 95 42 00 22 77 04 16 43 19 77 04 25 43 00 
1200: 55 53 43 18 85 43 19 50 95 42 00 65 43 19 50 75 53 43 13 85 
1220: 43 14 54 50 95 77 04 88 43 00 61 04 95 55 43 18 85 43 00 95 
1240: 55 43 17 95 42 00 92 43 00 65 43 11 95 92 76 19 25 58 04 43 
1260: 21 65 05 85 09 95 65 93 00 00 02 04 95 42 00 65 01 93 02 75 
1280: 43 08 95 42 16 94 77 05 46 65 65 92 25 43 00 75 43 09 95 42 
1300: 17 94 77 05 62 65 65 92 25 58 02 43 08 55 43 09 95 92 76 10 
1320: 35 65 43 16 95 77 05 84 25 42 18 01 00 95 92 35 65 43 17 95 
1340: 77 05 99 25 42 19 75 43 18 95 77 06 25 43 18 65 01 00 00 95 
1360: 42 00 92 43 00 65 43 11 95 92 43 19 61 06 10 76 18 25 01 75 
1380: 43 10 45 93 07 05 65 93 00 04 02 06 55 43 03 95 77 06 57 65 
1400: 65 92 65 43 04 65 93 00 09 01 05 55 43 10 45 93 07 05 85 93 
1420: 00 00 03 01 03 09 95 34 65 08 07 93 01 04 75 04 93 08 08 02 
1440: 04 95 61 00 89 76 17 99 85 02 95 65 01 00 95 42 20 75 03 00 
1460: 95 77 07 22 25 35 92 75 02 01 95 77 07 19 01 92 99 55 73 20 
1480: 95 42 16 03 92 99 42 17 65 43 16 95 44 02 01 44 20 73 20 49 
1500: 17 43 17 44 01 03 42 00 01 44 20 73 20 71 44 43 00 75 01 00 
1520: 95 22 77 07 63 61 16 76 16 93 04 05 03 05 09 02 03 07 92 76 
1540: 15 58 01 42 04 94 85 43 01 95 42 06 65 93 09 04 08 06 85 43 
1560: 04 65 01 93 06 01 04 95 94 42 05 43 06 65 01 93 05 01 01 95 
1580: 92 43 05 92 76 19 58 01 25 43 01 65 93 01 65 43 03 95 42 04 
1600: 94 85 01 93 00 04 04 65 43 02 95 55 02 93 08 95 42 05 32 25 
1620: 32 77 01 09 25 01 93 00 04 04 65 43 02 61 01 11 43 04 65 93 
1640: 08 75 01 02 85 93 09 65 53 01 00 65 43 01 75 43 04 95 92 43 
1660: 05 92 76 14 19 65 16 95 92 76 17 25 43 05 65 16 95 92 76 10 
1680: 15 55 16 95 92 76 18 25 43 05 55 16 95 92 76 11 42 01 92 76 
1700: 12 42 02 92 76 13 42 03 92 76 16 53 53 93 00 01 07 05 65 43 
1720: 05 85 93 02 08 65 43 04 65 53 93 04 85 43 07 65 93 01 05 54 
1740: 54 65 43 03 54 58 02 92 76 29 25 87 01 00 75 43 04 65 53 04 
1760: 05 08 06 85 01 00 03 06 65 43 07 54 55 01 00 45 05 85 43 10 
1780: 95 61 00 81 43 10 65 01 93 09 55 16 65 01 00 00 75 53 01 75 
1800: 43 02 54 65 43 17 55 43 15 95 58 01 92 76 13 58 09 25 87 02 
1820: 01 17 43 06 42 04 22 86 01 43 04 98 99 67 01 48 65 53 93 01 
1840: 06 85 93 00 04 04 65 43 07 95 85 43 09 95 61 01 56 86 01 43 
1860: 09 65 01 93 03 55 16 99 66 75 53 43 16 55 43 15 54 42 02 95 
1880: 55 53 93 08 05 75 43 02 95 77 01 89 25 42 02 61 02 20 42 02 
1900: 75 93 06 05 95 22 77 02 11 25 85 85 93 06 05 48 02 61 02 13 
1920: 43 02 65 16 55 93 08 09 95 42 00 58 01 99 92 25 43 00 65 93 
1940: 08 09 55 16 95 92 71 29 55 43 02 65 93 08 09 95 77 02 51 25 
1960: 42 20 99 92 25 87 01 02 88 43 04 65 53 01 09 85 02 65 43 07 
1980: 54 55 01 00 00 00 00 95 42 00 85 43 11 95 61 02 96 43 11 65 
2000: 01 93 07 05 95 55 16 65 01 00 00 75 53 01 75 43 02 54 65 43 
2020: 18 55 43 15 95 55 43 02 65 93 08 09 95 77 03 28 25 92 25 87 
2040: 01 03 48 43 00 55 01 93 04 05 85 43 12 95 61 03 60 43 12 65 
2060: 01 93 07 75 93 00 00 06 95 55 16 65 01 00 00 75 53 01 75 43 
2080: 02 54 65 43 19 55 43 15 95 55 43 02 65 93 08 09 95 77 03 92 
2100: 25 92 76 11 42 05 58 09 25 32 01 42 03 43 05 45 93 07 05 65 
2120: 93 00 04 04 02 02 95 42 09 43 05 65 93 00 00 00 07 03 85 93 
2140: 02 03 01 75 43 05 33 65 07 55 08 22 28 95 42 10 43 05 65 02 
2160: 07 55 06 22 28 85 93 00 01 00 02 95 42 11 43 05 65 02 01 06 
2180: 55 07 22 28 85 93 00 00 08 05 95 42 12 43 05 98 99 92 42 06 
2200: 99 92 42 07 99 92 85 93 05 95 59 42 08 75 03 95 77 05 21 01 
2220: 93 02 49 09 49 10 49 11 49 12 22 67 05 36 01 93 01 49 09 49 
2240: 10 49 11 49 12 43 08 99 92 76 19 71 29 75 43 02 65 43 20 55 
2260: 93 08 09 95 77 05 59 25 65 16 55 04 04 95 58 01 92 25 01 00 
2280: 85 43 04 95 66 76 14 42 04 86 02 13 22 86 02 92 61 05 68 76 
2300: 15 25 16 65 53 01 75 43 02 95 42 00 58 01 92 43 00 55 43 15 
2320: 65 43 13 95 42 00 92 43 00 55 53 16 65 43 02 55 93 08 09 85 
2340: 43 00 95 65 01 00 00 95 58 01 92 76 10 15 55 43 15 65 43 14 
2360: 95 58 02 92 76 18 25 43 06 42 04 16 92 16 55 43 05 65 01 00 
2380: 00 95 92 42 03 61 18 76 12 58 09 25 01 03 42 00 01 09 42 01 
2400: 25 72 01 69 31 43 01 75 43 00 95 77 06 91 76 17 01 03 42 00 
2420: 01 92 98 99 42 01 02 92 99 22 49 01 03 92 99 74 00 69 20 65 
2440: 48 01 95 74 00 69 20 04 92 99 49 01 43 01 74 00 69 20 05 42 
2460: 02 43 02 92 99 65 43 01 95 74 00 69 20 69 22 43 02 75 09 95 
2480: 67 17 61 07 52 76 10 58 09 04 69 17 58 03 92 76 13 03 92 42 
2500: 28 04 92 42 29 05 92 42 30 00 92 76 11 42 35 71 01 20 92 71 
2520: 02 12 92 71 02 29 43 35 99 92 71 02 39 99 92 61 02 75 98 92 
2540: 76 12 42 35 71 00 89 71 01 20 92 71 02 12 92 71 02 29 71 02 
2560: 39 99 92 43 35 99 92 71 00 89 61 02 75 92 43 01 48 02 42 01 
2580: 43 06 48 07 42 06 43 11 48 12 42 11 43 16 48 17 42 16 43 21 
2600: 48 22 42 21 92 43 28 42 33 65 43 11 85 43 29 44 33 65 43 16 
2620: 85 43 30 44 33 65 43 21 95 55 01 00 00 95 42 34 01 00 00 75 
2640: 43 33 95 55 01 00 00 95 42 33 43 35 75 43 34 95 55 43 33 95 
2660: 42 32 75 43 01 95 42 37 42 36 43 06 75 43 32 95 42 34 44 36 
2680: 55 43 36 65 43 33 65 01 00 00 95 42 26 42 38 99 92 43 37 55 
2700: 43 36 65 43 33 65 01 00 00 95 42 27 99 92 43 28 99 43 29 99 
2720: 43 30 99 92 43 26 65 43 02 85 43 27 65 43 07 85 43 28 65 43 
2740: 12 85 43 29 65 43 17 85 43 30 65 43 22 95 55 01 00 00 95 92 
2760: 43 26 65 43 03 85 43 27 65 43 08 85 43 28 65 43 13 85 43 29 
2780: 65 43 18 85 43 30 65 43 23 95 55 01 00 00 95 99 92 43 26 65 
2800: 43 04 85 43 27 65 43 09 85 43 28 65 43 14 85 43 29 65 43 19 
2820: 85 43 30 65 43 24 95 55 01 00 00 95 99 92 43 26 65 43 05 85 
2840: 43 27 65 43 10 85 43 28 65 43 15 85 43 29 65 43 20 85 43 30 
2860: 65 43 25 95 55 01 00 00 95 99 98 92 76 14 99 98 42 31 08 08 
2880: 55 43 31 95 49 26 43 26 75 43 38 95 85 01 00 00 95 55 01 00 
2900: 00 95 35 49 26 49 27 49 28 49 29 49 30 43 26 99 92 43 27 99 
2920: 92 43 28 99 92 43 29 99 92 43 30 99 98 92 76 15 99 98 55 01 
2940: 00 00 95 61 04 18 76 10 47 58 02 00 92 76 16 65 92 55 08 08 
2960: 95 76 11 99 42 10 44 11 01 92 65 43 10 95 44 12 02 92 65 43 
2980: 10 95 44 13 03 92 65 43 10 95 44 14 04 92 65 43 10 95 44 15 
3000: 05 92 65 43 10 95 44 16 06 92 65 43 10 95 44 17 07 92 65 43 
3020: 10 95 44 18 00 92 76 12 43 11 99 98 92 43 12 55 43 11 95 99 
3040: 92 43 13 55 43 11 95 99 92 43 14 55 43 11 95 99 92 43 15 55 
3060: 43 11 95 99 92 43 16 55 43 11 95 99 92 43 17 55 43 11 95 99 
3080: 92 43 18 55 43 11 95 99 98 92 76 19 53 43 00 85 43 01 69 21 
3100: 54 42 02 73 02 92 76 12 65 03 95 42 00 00 42 01 19 65 43 16 
3120: 85 19 65 43 17 85 43 14 65 19 54 99 92 76 10 58 09 09 69 17 
3140: 58 02 01 92 99 42 12 02 92 99 42 13 03 92 53 53 99 55 01 08 
3160: 93 05 54 42 14 65 93 02 05 54 22 44 12 53 43 14 65 93 06 54 
3180: 22 44 13 53 43 13 75 43 12 54 55 02 93 07 05 54 42 15 53 53 
3200: 43 13 75 03 65 43 15 54 55 01 05 00 03 54 42 16 65 01 02 93 
3220: 07 03 85 43 15 54 42 17 98 00 92 76 13 43 17 99 92 76 14 53 
3240: 03 03 00 00 65 43 16 54 99 92 76 11 25 53 01 92 65 43 16 85 
3260: 02 92 65 43 17 85 43 14 65 03 92 54 99 92 76 11 58 02 42 20 
3280: 99 98 36 13 71 39 85 43 00 95 42 12 01 32 43 12 22 77 00 99 
3300: 75 03 06 05 95 22 77 00 37 42 12 43 12 55 03 02 95 77 00 57 
3320: 43 12 55 01 00 00 85 01 95 99 92 43 12 85 03 02 93 03 95 55 
3340: 03 00 93 06 95 59 85 93 00 01 95 36 13 71 39 75 01 75 43 12 
3360: 95 94 55 01 00 00 95 85 43 27 95 99 92 85 03 06 05 95 42 12 
3380: 61 00 37 36 13 71 39 85 73 09 95 61 00 16 76 16 42 21 99 98 
3400: 36 13 71 39 85 03 06 05 75 43 00 95 71 00 16 92 76 12 01 42 
3420: 09 43 20 71 01 09 92 76 13 02 42 09 43 20 71 01 09 92 76 14 
3440: 03 42 09 43 20 71 01 09 92 76 15 04 42 09 43 20 71 01 09 92 
3460: 76 17 05 42 09 43 21 71 01 09 92 76 18 06 42 09 43 21 71 01 
3480: 09 92 76 19 07 42 09 43 21 71 01 09 92 76 10 08 42 09 43 21 
3500: 71 01 09 92 76 39 75 59 42 27 95 65 01 00 00 95 42 28 03 32 
3520: 43 27 22 77 00 34 65 93 04 85 02 93 03 95 59 94 44 28 43 27 
3540: 75 01 95 65 03 01 95 44 28 43 28 92 03 32 43 21 67 00 62 43 
3560: 22 42 18 61 02 13 43 26 42 18 61 02 13 32 00 32 94 77 00 81 
3580: 85 03 06 05 54 92 76 10 25 58 02 00 32 01 95 92 42 22 02 95 
3600: 92 42 26 22 67 01 05 86 00 03 95 92 71 00 02 42 20 92 71 00 
3620: 02 42 21 75 43 20 95 94 71 00 69 42 29 92 76 11 42 21 92 76 
3640: 12 42 14 71 00 02 75 43 20 95 71 00 69 42 17 92 76 13 42 19 
3660: 92 76 14 42 18 92 76 15 42 23 02 08 32 43 19 75 02 95 65 03 
3680: 85 43 21 95 42 15 22 77 01 96 06 85 43 21 95 42 15 61 02 08 
3700: 01 03 32 43 15 22 77 02 08 00 42 15 22 87 00 00 48 43 23 75 
3720: 43 18 95 55 43 17 65 02 00 05 85 43 18 85 73 15 95 42 16 43 
3740: 21 98 99 43 14 99 43 17 99 43 19 99 43 18 99 43 23 99 43 16 
3760: 99 92 43 21 75 01 95 65 93 00 05 85 01 95 65 43 16 95 99 92 
3780: 76 16 42 14 71 00 02 75 43 21 95 94 85 03 06 05 95 42 17 92 
3800: 76 17 42 23 92 76 18 42 16 92 76 19 42 19 55 43 17 95 98 99 
3820: 92 43 19 75 43 23 95 55 43 29 95 99 92 65 01 06 00 85 43 16 
3840: 95 99 92 76 16 53 43 15 65 43 16 85 43 17 65 43 18 85 43 19 
3860: 65 43 20 85 43 21 65 43 22 85 43 23 65 43 24 54 58 02 92 53 
3880: 43 03 85 16 54 65 93 05 65 43 01 54 85 43 02 85 43 03 85 43 
3900: 04 54 92 43 05 65 43 01 85 43 06 85 43 07 54 92 53 43 09 75 
3920: 43 08 54 65 43 10 65 43 13 54 92 76 17 16 85 71 00 36 75 71 
3940: 00 73 54 92 85 71 00 73 54 92 76 18 53 17 85 71 00 60 54 92 
3960: 85 71 00 73 54 92 76 19 53 43 12 65 53 43 11 75 43 09 54 54 
3980: 92 43 10 65 53 43 09 75 43 08 54 54 92 85 19 54 92 43 12 65 
4000: 43 11 54 92 19 65 43 14 85 71 00 73 54 92 76 11 17 55 19 54 
4020: 92 76 12 18 55 19 54 92 76 13 18 94 85 53 19 65 43 14 54 54 
4040: 92 76 14 53 43 03 85 16 54 65 93 05 85 43 05 54 65 43 01 85 
4060: 43 02 54 92 76 15 42 25 48 11 42 25 18 55 53 53 43 11 75 43 
4080: 09 54 65 53 43 12 54 54 54 42 26 43 25 48 11 43 26 92 76 10 
4100: 42 27 48 12 42 27 18 55 53 53 43 11 75 43 09 54 65 53 43 12 
4120: 54 54 54 42 28 43 27 48 12 43 28 92 76 16 43 01 65 43 02 58 
4140: 02 54 92 76 17 53 43 13 65 43 14 85 43 15 65 43 16 85 43 17 
4160: 65 43 18 85 43 19 65 43 20 54 92 55 71 00 45 54 92 53 43 10 
4180: 75 43 01 54 92 76 18 53 17 85 43 08 54 65 93 05 54 85 16 54 
4200: 68 54 65 43 03 65 43 04 55 03 06 05 54 85 53 16 65 43 06 54 
4220: 85 43 05 85 43 07 85 43 08 54 92 85 43 09 54 55 43 04 54 92 
4240: 43 09 92 76 19 53 18 85 17 85 16 85 43 09 54 92 75 16 54 55 
4260: 71 00 45 54 92 76 10 43 10 65 43 11 54 92 76 11 19 75 43 09 
4280: 54 55 43 10 54 92 76 12 53 19 55 43 10 54 92 76 13 19 94 85 
4300: 10 54 92 76 14 25 48 02 42 21 53 53 19 85 43 12 54 94 85 10 
4320: 54 54 55 53 01 85 43 06 85 43 03 65 43 04 55 03 06 05 54 54 
4340: 55 43 01 54 48 21 42 02 43 21 92 65 43 01 54 92 76 15 25 48 
4360: 14 42 22 53 53 19 85 43 12 54 94 85 10 54 54 55 53 43 13 65 
4380: 53 01 85 43 03 65 93 05 65 43 04 55 03 06 05 54 54 54 48 22 
4400: 42 14 43 22 92 76 38 53 01 75 53 01 85 43 01 54 45 43 02 94 
4420: 54 92 76 11 58 02 53 43 04 65 53 01 75 43 05 54 54 92 76 12 
4440: 53 43 01 65 11 42 00 65 53 01 75 43 06 54 55 71 00 02 85 43 
4460: 00 65 43 06 65 43 01 54 92 76 13 42 27 87 00 04 74 53 53 12 
4480: 42 00 75 43 01 65 43 06 65 11 54 65 53 01 75 71 00 02 54 45 
4500: 53 01 85 53 01 75 43 27 54 55 43 02 54 95 42 36 92 75 43 00 
4520: 95 94 92 55 43 01 75 43 36 95 92 76 14 53 43 07 55 53 53 01 
4540: 75 43 06 54 55 71 00 02 85 43 06 54 55 43 01 54 92 76 15 14 
4560: 55 53 01 75 43 05 54 95 92 76 16 53 53 43 07 75 43 06 65 43 
4580: 01 65 11 42 00 54 55 53 43 07 75 43 01 65 43 00 54 54 23 55 
4600: 53 01 85 43 01 54 23 95 92 76 17 43 10 65 43 11 75 43 12 75 
4620: 43 13 75 43 14 95 65 43 15 85 53 43 20 65 43 21 75 43 22 75 
4640: 43 23 75 43 24 54 65 43 25 85 53 43 30 65 43 31 75 43 32 75 
4660: 43 33 75 43 34 54 65 43 35 85 53 43 40 65 43 41 75 43 42 75 
4680: 43 43 75 43 44 54 65 43 45 95 55 43 03 75 43 08 75 43 09 85 
4700: 43 16 95 92 76 18 43 18 42 28 53 53 53 53 01 85 43 28 54 45 
4720: 43 02 75 42 38 01 54 55 43 28 55 43 38 54 42 38 65 43 07 55 
4740: 53 43 05 85 43 38 65 53 43 01 65 53 01 75 43 05 54 55 71 00 
4760: 02 85 43 06 65 43 01 65 53 01 75 43 05 54 54 75 53 53 01 85 
4780: 43 17 54 45 43 02 75 43 06 65 53 01 75 43 05 54 54 55 53 01 
4800: 85 43 28 54 45 43 02 54 54 92 76 19 02 00 42 00 43 18 42 28 
4820: 93 00 01 42 36 42 37 65 43 04 95 42 29 22 97 00 04 69 71 03 
4840: 05 75 43 04 95 55 48 37 95 77 04 52 93 05 94 49 36 43 29 75 
4860: 43 37 50 95 77 04 69 43 36 44 28 61 04 28 43 28 58 03 92 43 
4880: 04 65 53 01 75 43 05 54 65 53 01 75 43 06 54 55 43 02 95 92 
4900: 65 53 43 27 75 01 54 75 11 95 94 65 43 01 95 92 11 65 53 01 
4920: 75 53 01 75 43 06 54 65 43 27 55 43 02 54 95 92 76 10 58 02 
4940: 00 32 43 02 67 05 74 36 13 71 39 42 06 43 03 36 13 71 39 75 
4960: 43 06 95 42 05 01 32 43 05 77 05 74 85 03 06 05 95 42 05 43 
4980: 05 65 43 01 65 43 04 55 03 06 05 95 92 92 92 92 92 92 92 92