TMS0540 SECOND ROM Recorder Initialized
Datamath Calculator Museum June 2023
DUT: TMC0550NL SP7927
MATH/UTILITIES MODULE -10-
(C) Texas Instruments 1978
-----------------------------------------------------------------
ADDR: BCD DATA
0000: 21 00 00 46 01 06 04 35 09 09 13 39 17 83 19 15 25 65 27 91 
0020: 28 76 29 76 31 23 31 77 34 37 36 30 37 29 39 40 41 83 44 76 
0040: 45 91 48 98 49 99 76 25 29 06 42 01 00 72 01 97 01 00 07 92 
0060: 76 96 58 09 69 00 03 00 01 03 03 07 02 03 69 02 06 03 04 01 
0080: 03 07 02 04 02 07 69 03 02 04 03 07 02 04 01 07 03 06 69 04 
0100: 69 05 01 00 99 92 76 71 58 09 01 07 03 01 03 07 01 07 03 05 
0120: 69 01 01 05 01 03 03 05 01 06 69 02 92 76 11 69 00 71 71 01 
0140: 42 00 61 00 54 53 36 00 71 95 75 32 42 00 54 29 22 77 00 87 
0160: 69 20 53 43 00 58 06 69 03 58 09 69 05 75 32 01 54 22 96 22 
0180: 86 07 69 18 87 07 00 39 24 98 61 00 56 03 03 03 05 01 07 03 
0200: 06 03 06 69 01 03 05 03 06 03 07 00 00 69 02 03 05 06 03 03 
0220: 06 58 04 61 03 21 76 16 53 69 00 85 42 00 01 54 58 06 69 03 
0240: 71 71 69 05 43 00 68 96 92 76 12 24 01 03 01 06 04 05 58 04 
0260: 61 01 84 76 17 24 03 03 01 07 01 03 03 07 61 01 82 76 13 24 
0280: 03 06 04 01 02 07 03 07 58 02 69 00 69 03 03 05 01 07 58 09 
0300: 61 02 74 76 18 24 03 02 03 03 69 00 58 09 69 02 03 07 02 04 
0320: 03 02 03 01 58 02 61 03 21 76 14 24 03 01 01 06 58 06 69 00 
0340: 69 04 01 05 03 02 03 00 03 00 01 03 61 02 62 76 19 24 01 06 
0360: 01 03 03 07 01 03 69 00 58 09 69 03 01 04 01 03 01 06 58 02 
0380: 69 02 58 09 69 05 00 92 76 15 24 04 01 03 01 01 06 01 07 61 
0400: 03 05 76 10 24 03 02 04 02 01 07 58 09 69 00 69 02 03 05 02 
0420: 01 02 07 03 02 04 03 69 03 58 09 69 05 00 92 76 11 32 00 67 
0440: 01 06 01 61 00 30 76 12 32 00 67 01 11 02 61 00 30 76 13 32 
0460: 00 67 01 16 03 53 24 85 03 65 53 32 75 01 54 54 32 05 77 00 
0480: 81 01 02 77 00 86 02 00 77 00 91 02 06 77 00 96 06 01 61 01 
0500: 26 76 14 32 06 77 00 77 03 61 00 98 01 61 00 98 01 02 61 00 
0520: 98 01 05 61 00 98 01 07 61 00 98 02 00 53 24 85 32 54 61 01 
0540: 26 05 07 61 01 26 06 05 61 01 26 07 01 61 01 26 76 15 00 76 
0560: 71 32 01 00 00 49 01 32 44 01 43 01 97 00 01 51 69 23 72 03 
0580: 05 42 00 00 42 01 29 69 32 43 02 22 67 01 78 87 01 01 71 43 
0600: 03 42 00 71 01 79 05 42 00 02 00 42 02 92 04 42 01 73 00 84 
0620: 01 69 30 97 01 01 82 69 05 69 00 92 76 16 43 00 32 05 67 02 
0640: 26 69 23 02 49 00 53 43 00 22 28 52 22 52 65 00 48 01 54 72 
0660: 03 53 43 02 55 05 54 59 42 02 69 22 22 97 02 01 60 69 23 00 
0680: 72 03 61 02 37 76 17 29 42 00 22 59 67 03 58 53 22 44 00 65 
0700: 04 00 00 54 42 03 03 44 03 04 49 00 69 30 43 03 32 04 44 00 
0720: 71 01 79 04 44 00 43 00 22 67 02 79 05 42 00 00 92 76 75 02 
0740: 00 61 01 26 76 93 04 00 61 01 26 76 85 04 07 61 01 26 76 65 
0760: 05 00 61 01 26 76 53 05 05 61 01 26 76 54 05 06 61 01 26 76 
0780: 95 06 04 61 01 26 76 55 06 03 61 01 26 04 49 00 73 00 69 01 
0800: 69 20 73 00 69 02 69 20 73 00 69 03 69 20 73 00 69 04 69 20 
0820: 69 05 69 00 61 02 97 76 25 22 86 01 01 76 18 53 24 65 04 75 
0840: 01 54 42 03 00 42 01 61 01 71 76 10 03 03 03 05 01 07 03 06 
0860: 03 06 61 04 42 76 19 01 07 03 01 03 07 01 07 03 05 69 23 72 
0880: 03 04 42 00 01 04 42 02 92 03 06 01 04 03 05 00 00 69 23 72 
0900: 03 05 42 00 01 00 42 02 92 76 11 22 76 16 86 04 86 01 42 04 
0920: 53 59 55 01 00 00 54 53 22 59 65 01 00 00 54 42 05 22 28 88 
0940: 42 01 32 77 00 62 53 32 55 01 00 94 54 59 32 42 06 22 77 00 
0960: 62 00 67 00 61 43 06 67 00 62 22 86 03 43 01 22 49 06 53 43 
0980: 04 65 01 00 00 54 53 22 59 65 04 00 00 54 42 03 53 43 04 55 
1000: 01 00 00 54 59 53 42 07 55 05 54 42 00 59 22 44 00 44 03 05 
1020: 94 49 00 05 44 00 43 00 22 28 33 53 35 65 73 03 54 59 42 01 
1040: 53 02 00 75 43 07 54 42 02 43 04 53 22 59 65 01 00 00 54 53 
1060: 59 85 29 67 01 59 01 85 43 05 54 42 07 53 24 75 43 00 54 77 
1080: 02 03 53 94 22 28 33 35 65 32 73 03 54 53 22 59 55 32 55 43 
1100: 00 42 07 22 28 33 54 44 01 61 02 20 32 05 32 61 02 14 53 24 
1120: 75 05 54 77 02 09 22 44 07 69 33 22 86 02 69 25 43 06 29 77 
1140: 02 53 53 24 65 01 00 54 22 59 50 42 06 36 03 71 75 69 35 61 
1160: 03 05 22 97 05 03 70 22 87 03 02 72 05 01 36 03 71 71 61 03 
1180: 05 53 43 06 65 01 00 54 42 06 59 22 44 06 29 22 67 03 00 87 
1200: 04 03 00 36 03 15 61 03 05 86 04 36 03 14 97 07 02 53 02 00 
1220: 42 07 69 23 53 06 75 43 05 87 02 03 42 75 43 04 53 22 59 65 
1240: 01 00 00 54 59 29 67 03 42 75 01 54 22 28 33 42 01 53 35 65 
1260: 73 03 54 22 59 49 01 01 00 22 28 22 49 01 69 33 61 02 53 87 
1280: 02 04 04 43 04 53 22 59 65 01 00 00 54 59 29 67 04 04 42 05 
1300: 86 04 86 02 36 03 71 93 69 25 61 03 05 05 32 43 00 67 04 22 
1320: 22 28 33 69 23 49 01 43 01 72 03 00 92 76 12 36 03 17 92 76 
1340: 11 42 10 92 76 12 42 11 92 76 13 42 12 92 76 14 53 42 13 75 
1360: 43 12 54 48 13 92 76 19 42 21 92 76 15 53 53 42 25 42 24 75 
1380: 01 54 65 02 00 85 01 09 54 22 49 13 92 76 10 42 22 42 09 00 
1400: 42 23 97 23 00 80 01 00 42 23 07 02 02 00 02 00 02 00 02 00 
1420: 42 15 42 16 42 17 42 18 43 21 42 08 43 10 32 36 00 16 71 03 
1440: 08 22 97 08 02 28 43 10 32 36 00 17 71 03 08 22 97 08 02 28 
1460: 43 10 32 36 00 18 71 03 08 22 97 08 02 28 43 10 32 36 00 19 
1480: 71 03 08 22 97 08 02 28 43 10 32 36 00 10 71 03 08 22 97 08 
1500: 02 28 43 10 32 36 00 11 71 03 08 22 97 08 02 28 43 10 32 36 
1520: 00 12 71 03 08 22 97 08 02 28 43 10 32 36 00 13 71 03 08 22 
1540: 97 08 02 28 43 10 32 36 00 14 71 03 08 22 97 08 02 28 43 10 
1560: 32 36 00 15 71 03 08 43 15 69 01 43 16 69 02 43 17 69 03 43 
1580: 18 69 04 69 05 43 11 44 10 97 09 00 63 87 01 03 06 98 98 98 
1600: 98 04 00 04 00 04 00 04 00 04 00 69 01 69 02 69 03 69 04 69 
1620: 05 98 98 98 98 22 97 24 03 06 53 43 22 65 43 11 54 22 44 10 
1640: 43 22 61 00 58 00 92 53 53 24 75 43 12 54 55 43 13 54 53 58 
1660: 00 88 58 09 55 05 85 01 05 75 53 43 25 75 43 24 54 65 04 54 
1680: 42 14 53 53 22 59 65 01 00 94 85 08 54 22 28 52 22 52 42 20 
1700: 54 01 09 32 42 19 43 14 77 04 42 32 01 05 32 22 77 04 42 53 
1720: 73 14 55 43 20 54 53 59 55 01 00 00 54 22 59 29 67 04 34 53 
1740: 24 65 01 00 00 65 32 43 20 54 22 74 14 02 00 67 04 34 07 02 
1760: 67 04 34 43 19 67 04 36 05 00 61 04 36 43 19 49 20 43 20 74 
1780: 14 24 92 76 15 00 42 00 92 76 11 69 20 72 00 92 61 11 76 12 
1800: 43 00 53 82 08 82 05 55 02 54 59 61 00 53 82 18 82 05 82 17 
1820: 32 01 03 22 77 00 53 04 22 77 00 53 01 67 01 13 82 07 82 55 
1840: 01 82 06 82 04 42 00 73 00 32 82 17 44 00 73 00 77 00 97 32 
1860: 72 00 82 14 42 00 32 72 00 82 17 82 54 01 32 82 14 77 00 62 
1880: 01 82 36 82 16 32 82 15 22 77 00 31 32 61 00 60 00 92 76 13 
1900: 01 22 90 42 00 76 14 73 00 69 20 92 61 01 24 76 16 42 02 92 
1920: 76 11 42 03 22 59 22 44 03 42 04 01 00 00 49 04 69 33 69 34 
1940: 43 06 49 03 49 04 42 05 07 44 03 44 04 32 43 03 22 77 00 48 
1960: 42 00 22 86 01 43 04 22 77 00 59 42 00 22 86 02 22 86 03 22 
1980: 86 04 22 86 05 22 86 06 00 92 76 17 22 86 00 42 01 42 06 22 
2000: 59 53 22 44 01 65 01 00 00 54 48 06 92 76 12 29 77 01 06 50 
2020: 22 86 06 42 00 87 06 01 28 98 03 05 03 02 04 03 69 04 43 00 
2040: 69 06 98 69 30 43 06 49 00 32 07 44 00 00 87 06 01 55 32 42 
2060: 02 73 00 99 69 20 97 02 01 46 92 76 18 29 77 01 64 50 22 86 
2080: 06 42 00 22 59 22 44 00 69 30 42 04 01 00 00 49 04 43 06 53 
2100: 49 00 75 43 04 22 67 01 95 01 44 00 85 02 54 42 04 06 44 00 
2120: 00 87 06 01 55 73 00 92 76 13 87 06 02 24 69 20 73 00 92 22 
2140: 97 04 02 34 72 00 69 20 92 85 95 92 76 19 86 06 42 04 43 06 
2160: 42 05 43 04 29 77 02 85 50 42 04 44 03 22 44 05 69 24 87 00 
2180: 02 71 69 35 69 24 73 03 69 23 72 00 69 20 97 05 02 71 00 92 
2200: 43 05 44 03 44 00 43 04 22 44 03 22 44 05 87 00 03 09 69 30 
2220: 69 33 69 35 69 33 73 03 69 30 72 00 97 05 03 09 43 04 22 44 
2240: 00 69 24 00 92 76 14 42 02 69 22 53 43 06 75 02 42 04 54 42 
2260: 03 69 30 53 73 00 65 43 02 65 69 20 72 00 97 03 03 52 01 54 
2280: 22 87 00 03 82 69 34 73 00 49 02 43 02 69 20 72 00 69 20 92 
2300: 76 10 22 76 15 86 01 29 77 04 03 50 42 00 06 44 00 22 86 02 
2320: 22 87 02 04 16 12 43 06 61 04 18 43 01 42 03 43 06 42 04 87 
2340: 00 04 30 69 33 53 73 00 87 01 04 41 65 61 04 42 85 01 87 02 
2360: 04 49 43 04 44 00 97 03 04 31 00 87 01 04 61 01 54 32 02 48 
2380: 04 22 87 00 04 80 22 87 02 04 77 01 22 44 00 32 86 06 92 76 
2400: 45 86 05 61 75 76 85 86 03 61 75 76 65 86 03 76 55 86 04 76 
2420: 75 69 35 22 86 06 53 43 02 87 01 05 22 73 03 69 23 87 04 05 
2440: 35 22 87 05 05 39 45 61 05 40 65 61 05 40 85 43 02 87 02 05 
2460: 50 73 04 69 24 87 03 05 67 87 04 05 66 87 05 05 67 94 61 05 
2480: 67 35 54 72 00 87 06 00 61 69 20 97 05 05 11 86 06 87 00 05 
2500: 11 53 43 06 75 01 54 42 05 32 87 05 06 12 87 01 06 33 87 02 
2520: 06 33 22 87 04 05 11 53 69 30 73 00 85 97 05 06 13 00 54 32 
2540: 44 00 32 72 00 61 00 61 87 04 06 43 32 49 02 61 05 11 87 02 
2560: 05 11 61 06 12 76 11 42 01 92 53 53 24 75 01 54 55 43 01 42 
2580: 00 59 22 44 00 54 42 02 53 22 59 65 43 01 59 54 42 03 69 23 
2600: 04 44 02 73 02 22 59 72 02 53 22 97 03 00 67 53 43 00 65 01 
2620: 00 54 42 00 59 22 44 00 85 61 00 45 00 54 22 28 88 42 03 64 
2640: 02 92 76 12 71 00 05 73 02 59 22 74 02 53 48 00 65 01 00 54 
2660: 59 22 28 88 49 00 64 02 49 03 53 53 35 65 32 54 53 22 59 55 
2680: 32 54 59 85 48 00 85 73 02 22 59 54 72 02 43 03 22 64 02 43 
2700: 00 92 76 13 71 00 05 53 73 02 22 59 65 43 03 22 64 02 53 43 
2720: 00 65 01 00 54 59 22 28 88 54 59 92 76 14 71 00 05 73 02 59 
2740: 22 74 02 53 48 00 65 01 00 54 59 22 28 88 49 00 49 03 64 02 
2760: 53 35 65 32 54 53 22 59 55 32 54 53 53 59 85 73 02 22 59 85 
2780: 43 00 54 55 43 03 54 63 02 59 92 76 11 42 10 86 01 22 86 02 
2800: 01 42 11 02 42 12 76 12 87 02 00 75 43 12 32 43 10 34 77 00 
2820: 35 43 10 86 02 92 53 43 10 55 43 12 75 59 54 29 67 00 79 22 
2840: 87 01 00 65 06 32 43 12 22 77 00 65 02 44 11 22 86 01 02 44 
2860: 11 43 11 61 00 13 00 35 01 92 43 12 22 49 10 92 76 11 53 53 
2880: 22 23 75 35 54 55 02 54 92 76 12 53 53 22 23 85 61 00 07 76 
2900: 13 53 53 94 22 23 33 85 32 01 54 35 65 53 01 75 32 54 54 92 
2920: 76 16 53 24 85 53 33 85 01 54 34 54 23 92 76 17 32 01 32 77 
2940: 00 69 85 95 92 53 33 75 01 54 34 61 00 46 76 18 53 53 53 24 
2960: 85 32 01 54 55 53 01 75 32 54 54 23 55 02 54 92 76 17 53 24 
2980: 85 01 54 76 16 22 76 11 86 00 61 00 51 76 12 53 24 85 01 54 
3000: 61 00 12 76 13 29 67 00 49 42 09 01 42 10 43 09 49 10 97 09 
3020: 00 38 43 10 92 01 92 53 53 42 10 75 93 05 54 65 43 10 23 75 
3040: 43 10 85 53 02 65 89 54 23 55 02 85 53 01 02 65 43 10 54 35 
3060: 75 53 03 06 00 65 43 10 45 03 54 35 85 53 01 02 06 00 65 43 
3080: 10 45 05 54 35 75 53 01 06 08 00 65 43 10 45 07 54 35 85 53 
3100: 01 01 08 08 65 43 10 45 09 54 35 54 87 00 01 41 92 22 23 22 
3120: 86 00 92 76 11 53 53 02 04 02 09 08 65 43 09 85 09 09 09 09 
3140: 01 54 55 01 09 09 00 01 07 42 09 54 53 53 22 59 49 09 65 05 
3160: 22 28 54 59 55 05 22 28 54 92 76 12 11 36 13 12 92 76 11 22 
3180: 86 00 29 77 00 12 86 00 50 53 42 10 13 65 53 53 43 10 65 93 
3200: 02 03 01 06 04 01 09 85 01 54 35 42 11 65 93 03 01 09 03 08 
3220: 01 05 03 75 93 03 05 06 05 06 03 07 08 02 65 43 11 33 85 01 
3240: 93 07 08 01 04 07 07 09 03 07 65 43 11 45 03 75 01 93 08 02 
3260: 01 02 05 05 09 07 08 65 43 11 45 04 85 01 93 03 03 00 02 07 
3280: 04 04 02 09 65 43 11 45 05 54 54 22 87 00 01 27 53 94 85 01 
3300: 54 22 86 00 92 76 13 53 33 22 23 65 02 65 89 54 34 35 92 76 
3320: 12 22 86 00 32 93 05 22 77 01 57 61 01 65 86 00 53 01 75 32 
3340: 54 32 53 53 02 93 05 01 05 05 01 07 94 75 32 33 35 23 34 42 
3360: 10 65 93 08 00 02 08 05 03 75 43 10 33 65 93 00 01 00 03 02 
3380: 08 54 55 53 01 85 43 10 65 01 93 04 03 02 07 08 08 85 43 10 
3400: 33 65 93 01 08 09 02 06 09 85 43 10 45 03 65 93 00 00 01 03 
3420: 00 08 54 85 43 10 54 22 87 00 02 59 94 22 86 00 92 76 11 42 
3440: 10 42 13 92 76 16 53 42 11 85 43 10 54 42 14 43 11 92 76 12 
3460: 72 13 01 44 13 53 43 13 75 43 10 54 92 76 13 72 14 01 44 14 
3480: 53 43 13 75 43 10 54 92 76 14 42 12 53 43 10 85 43 11 54 53 
3500: 42 13 85 43 11 42 09 54 42 14 73 13 72 14 01 44 13 44 14 97 
3520: 09 00 73 53 43 11 75 01 54 42 09 53 43 10 85 02 65 43 11 54 
3540: 42 13 43 10 42 15 53 43 13 85 01 54 42 14 53 43 15 85 01 54 
3560: 42 16 53 73 15 75 43 12 54 42 17 43 09 42 08 53 53 73 13 65 
3580: 53 73 16 75 43 12 54 75 73 14 65 43 17 54 55 53 73 16 75 73 
3600: 15 54 54 72 14 01 44 14 44 16 97 08 01 38 01 44 13 44 15 97 
3620: 09 01 09 01 22 44 14 73 14 92 76 12 42 09 92 76 17 42 12 92 
3640: 76 18 22 76 13 86 00 42 10 09 94 22 28 42 19 43 10 29 22 67 
3660: 00 39 36 16 71 99 61 00 43 36 16 71 80 22 86 07 53 35 65 43 
3680: 10 36 00 16 54 94 69 19 22 87 07 00 71 22 86 07 42 10 61 00 
3700: 93 44 10 50 32 43 12 77 00 93 43 10 22 87 00 00 27 97 09 00 
3720: 27 85 95 43 10 22 86 00 92 76 80 53 53 53 42 18 65 53 01 85 
3740: 43 19 54 54 36 00 16 75 53 43 18 65 53 01 75 43 19 54 54 36 
3760: 00 16 54 55 02 55 43 18 55 43 19 54 92 76 99 53 53 43 19 36 
3780: 00 16 75 43 19 94 36 00 16 54 55 02 55 43 19 54 92 76 11 42 
3800: 17 92 76 16 36 00 16 92 76 12 42 12 92 76 19 43 10 61 18 76 
3820: 14 43 10 61 13 76 18 22 76 13 86 00 53 24 85 43 12 42 13 54 
3840: 42 10 09 94 22 28 42 19 43 17 42 09 00 42 16 29 43 10 67 01 
3860: 37 71 80 61 01 40 71 00 46 42 11 67 02 02 43 16 67 01 80 32 
3880: 43 11 69 10 22 67 01 92 43 13 44 10 22 87 00 01 26 97 09 01 
3900: 26 43 10 22 86 00 85 95 92 43 11 69 10 42 16 94 42 15 61 01 
3920: 59 42 16 02 94 22 49 13 61 01 59 22 86 00 43 15 32 43 10 92 
3940: 76 11 42 10 92 76 12 42 11 92 76 13 29 32 92 76 14 22 86 07 
3960: 43 10 36 00 16 42 18 43 11 36 00 16 44 18 53 53 43 11 75 43 
3980: 10 54 55 02 54 49 18 42 19 53 53 43 11 85 43 10 54 55 02 54 
4000: 36 00 16 49 19 53 43 18 55 02 54 44 19 53 53 04 65 43 19 75 
4020: 43 18 54 55 03 54 42 20 42 18 02 42 09 69 28 73 08 69 19 87 
4040: 07 02 39 69 29 53 53 43 11 75 43 10 54 55 02 45 53 43 09 75 
4060: 01 54 42 17 54 42 13 53 94 85 43 10 54 42 14 53 02 45 53 43 
4080: 09 75 02 54 54 88 42 15 00 42 16 43 13 44 14 44 14 43 14 36 
4100: 00 16 44 16 97 15 01 51 01 09 42 08 53 43 19 55 02 85 43 13 
4120: 65 43 16 54 63 08 53 53 94 85 73 08 65 53 04 45 53 43 08 75 
4140: 01 08 54 54 42 12 54 55 53 43 12 75 01 54 54 69 28 63 08 97 
4160: 17 01 86 53 53 73 08 75 48 18 54 55 43 18 54 50 77 00 93 32 
4180: 43 18 92 76 11 42 10 92 76 12 42 11 42 13 92 76 13 42 12 42 
4200: 14 92 76 14 42 19 92 76 10 22 76 15 86 00 53 53 24 75 43 10 
4220: 54 55 43 19 42 09 54 42 15 71 02 75 42 16 71 02 84 53 43 16 
4240: 55 02 54 87 00 00 94 53 24 85 43 14 54 42 12 53 53 43 14 85 
4260: 43 16 55 04 54 65 43 15 55 02 85 43 13 54 61 01 00 53 24 85 
4280: 43 13 54 42 11 71 02 75 53 42 17 55 02 54 87 00 01 26 53 24 
4300: 85 43 14 54 42 12 61 01 34 53 24 85 43 13 54 42 11 71 02 75 
4320: 42 18 71 02 84 43 18 87 00 01 76 53 24 85 43 14 54 42 12 53 
4340: 53 43 14 85 43 18 55 02 54 65 43 15 85 43 13 54 61 01 82 53 
4360: 24 85 43 13 54 42 11 71 02 75 53 53 24 85 53 43 17 85 43 18 
4380: 54 65 02 85 43 16 54 55 06 54 87 00 02 57 53 24 85 43 14 54 
4400: 42 12 53 53 53 43 16 85 43 17 85 43 18 54 55 06 85 43 14 54 
4420: 65 43 15 85 43 13 54 42 11 42 13 32 43 12 42 14 32 61 02 67 
4440: 53 24 85 43 13 54 42 11 42 13 97 09 00 46 22 86 00 92 53 36 
4460: 00 16 65 43 15 54 92 53 43 15 55 02 54 44 10 92 76 11 42 10 
4480: 92 76 12 42 08 42 11 92 76 13 72 08 69 28 61 00 11 76 14 70 
4500: 53 24 65 02 65 89 55 43 10 54 42 12 43 11 42 08 43 10 42 09 
4520: 00 42 13 42 14 29 73 08 67 00 89 32 53 43 12 65 53 43 08 75 
4540: 43 11 85 01 54 54 53 42 15 39 65 32 54 44 13 53 43 15 38 65 
4560: 73 08 54 44 14 69 28 97 09 00 49 53 43 14 65 02 55 43 10 54 
4580: 32 53 43 13 65 02 55 43 10 54 92 76 10 01 00 49 00 76 19 43 
4600: 00 59 22 44 00 92 76 12 09 42 01 53 53 00 22 87 40 01 00 37 
4620: 65 01 00 85 43 01 54 53 97 01 00 23 54 54 87 00 00 50 58 09 
4640: 92 58 01 92 76 13 69 16 53 22 59 65 01 00 85 93 09 54 59 92 
4660: 76 14 09 00 39 69 10 92 76 17 29 53 01 00 75 01 85 94 22 28 
4680: 52 22 52 67 00 83 00 54 92 76 18 82 08 07 69 04 82 18 29 22 
4700: 67 01 13 22 86 00 00 92 76 15 32 01 00 42 00 00 42 01 53 22 
4720: 86 07 69 30 69 21 69 18 87 07 01 27 24 97 01 01 49 43 00 92 
4740: 54 61 01 42 76 11 00 42 00 01 00 42 01 22 87 40 01 01 70 69 
4760: 20 22 49 00 97 01 01 62 17 44 00 93 01 49 00 14 67 01 92 69 
4780: 20 49 00 93 01 49 00 13 32 01 00 67 02 06 22 49 00 53 35 65 
4800: 00 32 65 43 00 69 10 22 67 02 21 01 54 44 00 00 92 76 16 29 
4820: 43 00 59 67 02 43 22 44 00 01 00 61 02 45 10 50 69 17 10 67 
4840: 02 66 77 02 62 01 94 49 00 70 61 02 67 80 61 02 67 60 01 00 
4860: 49 00 58 40 00 19 01 00 42 01 22 28 49 00 29 93 01 49 00 43 
4880: 00 22 59 22 44 00 67 03 01 86 40 01 97 01 02 84 00 92 76 22 
4900: 48 20 87 00 00 11 73 20 92 72 20 22 76 10 86 00 42 20 92 76 
4920: 11 02 01 22 87 01 22 36 00 11 22 86 01 92 76 12 02 02 22 87 
4940: 01 22 36 00 12 22 86 01 92 76 13 02 03 22 87 01 22 36 00 13 
4960: 22 86 01 92 76 14 02 04 22 87 01 22 36 00 14 22 86 01 92 76 
4980: 15 02 05 22 87 01 22 36 00 15 22 86 01 92 76 16 86 01 92 92