TMS0540 SECOND ROM Recorder Initialized
Datamath Calculator Museum September 2023
DUT: TMC0551NL SP7936
EE LIBRARY MODULE -11-
(C) Texas Instruments 1978
-----------------------------------------------------------------
0000: 19 00 00 42 00 74 04 18 06 91 09 03 10 49 13 47 15 06 19 65 
0020: 24 32 26 60 28 78 29 95 33 07 36 80 38 58 41 91 44 46 46 47 
0040: 49 99 76 25 29 06 42 01 00 72 01 97 01 00 07 92 76 96 58 09 
0060: 69 00 01 07 01 07 69 02 69 05 01 01 99 92 76 15 86 00 92 76 
0080: 10 86 01 92 76 25 36 11 71 25 92 76 11 42 10 92 76 12 87 00 
0100: 00 35 87 01 00 43 42 17 92 71 03 09 42 17 61 00 48 71 03 24 
0120: 42 17 22 86 00 22 86 01 92 76 13 42 13 92 76 14 87 00 00 73 
0140: 87 01 00 91 42 18 92 53 71 03 09 55 02 65 43 12 65 43 13 54 
0160: 42 18 61 00 48 53 53 43 12 65 43 13 85 43 10 35 54 65 71 03 
0180: 24 55 02 54 42 18 61 00 48 76 16 42 20 92 76 17 87 00 01 33 
0200: 87 01 01 52 42 11 92 53 43 10 55 43 17 33 55 43 13 55 43 20 
0220: 54 42 11 61 00 48 71 02 62 87 02 01 89 53 53 43 10 55 43 17 
0240: 33 75 02 65 43 18 55 43 17 85 43 10 35 54 55 43 13 54 42 11 
0260: 61 00 48 00 35 22 86 02 61 00 48 76 18 87 00 02 10 87 01 02 
0280: 18 42 12 92 71 02 96 42 12 61 00 48 71 02 62 87 02 01 89 71 
0300: 02 96 53 24 75 43 10 35 55 43 13 54 42 12 61 00 48 76 19 53 
0320: 53 43 18 85 24 35 55 04 54 65 43 17 55 02 54 92 01 32 53 53 
0340: 02 65 43 18 75 43 17 55 43 10 54 65 43 17 55 43 10 54 77 02 
0360: 93 32 00 77 02 93 92 86 02 92 53 02 65 43 18 55 43 17 55 43 
0380: 13 54 92 53 43 10 55 43 20 55 43 11 55 43 13 54 34 92 53 53 
0400: 43 13 65 53 43 11 85 43 12 54 54 35 65 43 10 54 34 92 76 11 
0420: 37 42 06 32 42 05 92 76 12 37 42 08 32 42 07 92 76 13 37 42 
0440: 10 32 42 09 92 76 14 37 42 12 32 42 11 92 76 25 60 29 05 00 
0460: 42 17 58 09 00 92 76 15 22 76 10 86 04 29 67 00 61 42 17 22 
0480: 87 04 00 84 43 17 49 05 49 06 49 07 49 08 49 09 49 10 49 11 
0500: 49 12 43 12 42 04 43 11 42 03 43 06 42 02 43 05 42 01 36 04 
0520: 13 43 07 48 01 42 13 43 08 48 02 42 14 43 09 42 03 43 10 42 
0540: 04 36 04 13 22 44 13 32 22 44 14 43 13 42 15 43 14 42 16 43 
0560: 11 44 13 48 05 44 13 22 44 05 43 12 44 14 48 06 44 14 22 44 
0580: 06 00 92 76 19 71 02 60 22 44 01 43 06 22 44 02 69 21 43 13 
0600: 42 03 69 23 43 14 42 04 36 04 18 43 17 87 04 02 04 35 49 01 
0620: 49 02 43 01 32 43 02 22 37 32 99 32 99 32 98 92 76 17 43 07 
0640: 42 01 43 08 42 02 02 94 49 01 49 02 61 01 80 76 18 43 09 42 
0660: 01 43 10 61 02 26 76 16 71 02 60 44 01 43 06 61 01 76 43 15 
0680: 94 42 01 43 16 94 42 02 43 05 92 76 10 43 01 48 03 42 01 43 
0700: 02 48 04 42 02 00 92 76 11 22 86 01 29 70 48 02 48 01 43 02 
0720: 24 92 76 16 86 01 48 04 48 03 43 04 24 92 76 12 43 04 44 02 
0740: 43 02 32 43 03 44 01 43 01 92 76 17 01 94 49 03 49 04 12 92 
0760: 76 13 53 43 01 65 43 03 75 43 02 65 43 04 54 32 53 43 01 65 
0780: 43 04 85 43 02 65 43 03 54 42 02 32 42 01 92 76 18 01 94 49 
0800: 04 53 43 03 33 85 43 04 33 54 35 49 01 49 02 13 92 76 14 10 
0820: 36 05 71 66 29 67 10 36 05 16 13 36 05 17 92 76 19 36 05 16 
0840: 10 36 05 16 10 18 92 76 15 10 36 05 71 66 29 67 10 36 05 16 
0860: 18 36 05 17 92 76 37 60 87 01 01 95 43 01 32 43 02 37 42 02 
0880: 32 42 01 00 70 92 43 03 32 43 04 37 42 04 32 42 03 22 86 01 
0900: 00 70 92 76 12 60 61 00 09 76 66 70 43 01 32 43 02 22 37 32 
0920: 70 92 76 10 53 53 43 02 22 23 85 35 54 55 02 54 70 92 76 11 
0940: 36 04 11 92 76 19 43 02 32 43 01 92 76 16 71 66 23 42 01 32 
0960: 42 02 32 92 76 17 70 43 01 22 23 32 43 02 37 42 02 32 42 01 
0980: 92 76 13 71 66 33 53 32 65 02 54 37 42 02 32 42 01 92 76 14 
1000: 71 66 34 53 32 55 61 00 86 76 15 01 42 03 00 42 04 36 04 10 
1020: 36 04 18 92 76 18 53 53 43 02 22 23 75 35 54 55 02 54 92 76 
1040: 37 22 86 01 36 04 71 37 92 76 16 70 53 53 43 01 85 01 54 33 
1060: 85 43 02 33 54 34 92 53 53 43 01 75 01 54 33 85 43 02 33 54 
1080: 34 92 53 53 16 85 71 00 18 54 55 02 85 53 53 52 22 52 33 75 
1100: 01 54 34 87 00 00 61 65 43 00 22 86 00 54 54 23 92 76 11 36 
1120: 04 11 92 76 12 70 53 43 01 38 65 36 05 10 54 32 53 43 01 39 
1140: 65 36 05 18 54 42 02 32 42 01 92 76 13 70 53 43 01 39 65 36 
1160: 05 10 54 32 53 43 01 38 94 65 36 05 18 54 42 02 32 42 01 92 
1180: 76 14 43 01 42 03 43 02 42 04 13 36 04 10 12 36 04 18 92 76 
1200: 17 43 02 69 10 42 00 53 53 16 75 71 00 18 54 55 02 54 22 38 
1220: 32 71 00 33 42 02 32 42 01 92 76 18 43 02 69 10 42 00 53 53 
1240: 53 16 75 71 00 18 54 55 02 54 22 39 65 43 00 54 32 86 00 71 
1260: 00 33 94 42 02 32 42 01 92 76 19 53 53 01 75 43 01 33 75 43 
1280: 02 33 54 32 53 02 65 43 01 54 70 22 37 55 02 54 32 53 53 53 
1300: 43 01 33 85 53 43 02 85 01 54 33 54 55 53 43 01 33 85 53 43 
1320: 02 75 01 54 33 54 54 23 55 04 54 42 02 32 42 01 92 76 37 22 
1340: 86 01 36 04 71 37 92 76 25 58 09 00 22 86 00 92 76 15 86 00 
1360: 92 76 11 87 00 00 31 42 10 71 01 18 71 01 29 71 01 40 43 10 
1380: 61 00 05 76 12 87 00 00 62 42 11 53 43 11 28 65 02 00 54 42 
1400: 13 71 01 47 43 11 23 42 12 43 11 61 00 05 76 13 87 00 00 91 
1420: 42 12 53 43 12 65 02 54 22 23 42 10 71 01 18 71 01 40 43 12 
1440: 61 00 05 76 14 87 00 01 13 42 13 71 01 47 71 01 29 71 01 40 
1460: 43 13 61 00 05 53 43 10 28 65 01 00 54 42 13 92 53 43 10 23 
1480: 65 93 05 54 42 12 92 43 12 22 23 42 11 92 53 43 13 55 01 00 
1500: 54 22 28 42 10 92 76 15 86 02 92 76 11 42 10 92 76 12 87 02 
1520: 00 45 53 24 55 02 00 54 22 28 42 11 92 76 13 87 02 00 81 42 
1540: 12 92 76 14 87 02 01 14 42 13 92 22 86 02 71 01 70 87 00 02 
1560: 03 43 12 29 71 02 23 87 00 02 03 71 03 33 53 53 24 75 43 14 
1580: 54 28 65 02 00 54 92 22 86 02 71 01 70 87 00 02 03 01 01 42 
1600: 16 71 02 09 87 00 02 03 53 32 85 43 14 54 71 02 40 42 12 92 
1620: 22 86 02 43 12 71 02 23 87 00 02 03 71 03 33 42 15 01 01 42 
1640: 16 71 02 09 87 00 02 03 32 22 44 15 01 00 42 16 71 02 09 87 
1660: 00 02 03 53 32 55 43 15 54 35 71 02 40 42 13 92 43 13 71 02 
1680: 23 22 87 00 01 81 92 71 03 33 42 14 01 00 42 16 71 02 09 22 
1700: 87 00 01 99 92 32 49 14 92 22 86 00 55 95 92 22 86 00 29 73 
1720: 16 32 22 77 02 22 86 00 92 22 86 00 22 77 02 37 32 01 32 77 
1740: 02 37 92 86 00 92 22 86 01 29 77 02 50 86 01 50 53 53 42 17 
1760: 33 22 23 65 02 65 89 54 34 35 65 53 53 43 17 65 93 03 03 02 
1780: 06 07 85 01 54 35 42 18 65 93 04 03 06 01 08 03 06 75 93 01 
1800: 02 00 01 06 07 06 65 43 18 33 85 93 09 03 07 02 09 08 65 43 
1820: 18 45 03 54 54 22 87 01 03 32 53 94 85 01 54 22 86 01 92 22 
1840: 86 01 32 93 05 22 77 03 46 61 03 54 86 01 53 01 75 32 54 32 
1860: 53 53 02 93 05 01 05 05 01 07 94 75 32 33 35 23 34 42 17 65 
1880: 93 08 00 02 08 05 03 75 43 17 33 65 93 00 01 00 03 02 08 54 
1900: 55 53 01 85 43 17 65 01 93 04 03 02 07 08 08 85 43 17 33 65 
1920: 93 01 08 09 02 06 09 85 43 17 45 03 65 93 00 00 01 03 00 08 
1940: 54 85 43 17 54 22 87 01 04 48 94 22 86 01 92 76 25 29 58 09 
1960: 00 22 86 02 92 76 11 42 48 42 59 92 72 59 01 22 44 59 43 59 
1980: 61 00 06 76 12 42 49 92 76 15 29 67 00 38 77 00 33 22 86 01 
2000: 61 00 39 22 86 00 92 76 18 42 52 32 42 53 76 13 43 48 32 02 
2020: 22 77 01 03 67 00 83 01 98 99 92 53 43 00 94 55 43 01 54 99 
2040: 92 22 86 00 22 86 01 92 43 01 94 42 52 43 00 94 42 53 43 02 
2060: 35 49 52 49 53 61 03 22 43 48 42 50 02 03 42 51 42 54 02 02 
2080: 42 55 73 50 72 51 42 47 01 44 51 22 44 50 53 73 50 85 43 52 
2100: 65 73 54 54 72 51 00 42 46 53 43 48 75 01 54 42 22 01 22 44 
2120: 50 44 51 44 54 44 55 53 73 50 85 43 52 65 73 54 85 43 53 65 
2140: 73 55 54 72 51 53 73 54 85 43 53 65 43 46 42 45 85 43 52 65 
2160: 43 47 42 46 54 42 47 97 22 01 52 29 53 43 46 33 75 43 45 65 
2180: 43 47 54 42 56 22 67 02 32 01 44 52 44 53 61 01 03 43 49 32 
2200: 53 53 43 45 65 73 51 75 73 54 65 43 46 54 55 43 56 54 44 52 
2220: 42 57 22 87 00 02 75 87 01 02 73 85 95 92 24 61 02 75 98 99 
2240: 53 53 73 54 65 43 47 75 73 51 65 43 46 54 55 43 56 54 44 53 
2260: 22 87 00 03 12 87 01 03 11 85 95 92 24 61 03 12 99 50 77 01 
2280: 03 43 57 50 77 01 03 43 52 22 87 00 03 39 87 01 03 37 92 61 
2300: 03 39 98 99 43 53 22 87 00 03 55 87 01 03 54 92 61 03 55 99 
2320: 43 48 98 99 92 53 43 52 33 85 04 65 43 53 54 99 92 29 77 04 
2340: 00 53 94 34 55 02 54 99 92 53 43 52 55 02 54 99 92 43 48 32 
2360: 02 67 00 76 92 53 53 34 85 43 52 54 55 02 54 99 92 53 24 75 
2380: 43 52 54 94 99 92 61 03 92 76 14 53 53 43 48 75 01 54 42 22 
2400: 75 01 54 42 48 42 50 02 03 42 51 73 51 72 50 01 44 51 22 44 
2420: 50 97 22 04 46 92 76 25 58 09 00 92 76 19 22 76 14 86 00 92 
2440: 76 10 22 76 15 86 01 92 76 11 87 01 00 26 06 61 00 27 09 69 
2460: 17 47 07 42 00 71 02 18 32 43 02 92 69 20 72 00 69 21 43 01 
2480: 77 00 56 69 22 61 00 37 55 95 92 76 12 00 42 02 43 01 42 00 
2500: 42 03 69 31 07 42 04 53 71 02 18 85 06 54 42 05 69 24 69 25 
2520: 00 63 04 72 05 97 00 00 84 07 42 04 43 04 42 06 53 71 02 18 
2540: 85 06 54 42 05 29 43 02 92 42 07 67 01 59 53 71 02 18 85 07 
2560: 54 32 53 43 03 42 00 85 43 06 54 77 00 56 69 26 69 25 53 43 
2580: 07 65 73 05 54 74 06 97 00 01 42 69 21 69 22 69 24 61 01 00 
2600: 76 13 98 43 01 87 00 01 78 92 42 00 07 42 03 69 23 73 03 87 
2620: 00 01 92 92 99 97 00 01 83 92 76 16 87 01 02 08 03 61 02 09 
2640: 06 69 17 22 86 00 22 86 01 92 87 01 02 25 02 07 92 04 02 92 
2660: 76 15 86 00 92 76 25 22 86 00 22 86 01 22 86 02 58 09 00 92 
2680: 76 11 87 00 00 40 22 86 01 53 42 14 65 02 65 89 54 48 14 92 
2700: 87 02 00 60 53 43 12 65 43 10 65 02 65 89 54 35 61 00 70 53 
2720: 43 13 55 02 55 89 55 43 11 54 22 86 00 92 76 16 87 00 00 85 
2740: 86 01 61 00 29 53 02 65 89 65 53 43 11 65 43 10 54 34 54 35 
2760: 61 00 70 76 12 87 00 01 14 86 02 42 11 92 87 01 01 28 53 43 
2780: 13 55 43 14 54 61 00 70 53 43 14 33 65 43 10 54 35 61 00 70 
2800: 76 17 87 00 01 49 42 13 92 53 43 14 65 43 11 54 61 00 70 76 
2820: 13 87 00 01 71 22 86 02 42 10 92 87 01 01 86 53 43 12 65 43 
2840: 14 54 35 61 00 70 53 43 14 33 65 43 11 54 35 61 00 70 76 18 
2860: 87 00 02 07 42 12 92 53 43 14 65 43 10 54 35 61 00 70 76 25 
2880: 36 07 71 25 92 76 15 86 00 92 76 11 87 00 00 21 42 10 92 53 
2900: 43 12 35 85 43 12 55 43 13 33 54 35 42 10 61 01 13 76 12 87 
2920: 00 00 48 42 11 92 71 00 21 53 24 65 43 12 55 43 13 54 42 11 
2940: 61 01 13 76 13 87 00 00 74 42 12 92 53 43 10 85 43 11 33 55 
2960: 43 10 54 42 12 61 01 13 76 14 87 00 00 99 42 13 92 71 00 74 
2980: 53 24 65 43 10 55 43 11 54 42 13 22 86 00 92 76 25 58 09 00 
3000: 92 76 11 42 10 99 92 76 12 53 42 11 55 02 00 54 22 28 48 11 
3020: 99 92 76 14 42 16 99 92 76 13 53 42 12 42 17 65 02 65 89 54 
3040: 48 17 99 92 76 16 42 13 99 92 76 17 42 14 99 92 76 18 53 43 
3060: 12 55 43 16 54 42 15 32 53 43 11 55 02 54 34 22 77 00 87 00 
3080: 35 92 98 53 43 15 55 43 11 55 43 17 55 43 13 54 71 02 76 92 
3100: 53 24 35 94 85 53 43 13 85 43 14 54 65 43 15 65 43 17 54 35 
3120: 71 02 85 92 53 53 43 13 35 85 43 14 35 54 65 43 15 55 43 17 
3140: 54 71 02 94 92 76 10 98 53 43 14 55 43 11 54 71 03 03 92 53 
3160: 53 02 65 43 11 85 01 54 55 43 10 55 43 17 55 43 14 54 71 02 
3180: 76 92 53 43 10 55 43 17 55 43 14 55 53 02 85 43 11 35 54 54 
3200: 71 02 85 92 76 19 98 53 53 01 85 43 11 54 65 43 13 65 04 55 
3220: 43 10 33 54 71 03 03 92 53 43 10 55 02 55 43 17 55 43 13 54 
3240: 42 18 71 02 85 92 53 24 55 43 11 54 71 02 76 92 53 43 18 55 
3260: 53 43 11 85 01 54 54 71 02 94 92 32 03 05 00 02 61 03 06 92 
3280: 32 03 05 00 03 61 03 06 92 32 03 05 00 04 61 03 06 92 32 01 
3300: 05 69 04 32 69 06 92 76 25 58 09 00 92 76 11 42 10 92 76 12 
3320: 42 11 92 76 13 42 12 92 76 14 42 13 92 76 10 22 76 15 86 00 
3340: 70 43 10 42 00 00 42 01 29 43 11 77 00 50 85 95 92 67 00 56 
3360: 61 01 04 69 21 71 02 98 71 02 54 87 00 00 69 92 97 00 00 78 
3380: 60 22 86 00 92 69 21 53 71 02 98 65 43 12 33 54 71 02 54 87 
3400: 00 00 97 92 97 00 00 56 61 00 73 01 32 53 53 53 53 53 53 02 
3420: 65 43 11 55 04 00 55 01 22 23 28 54 94 22 23 42 02 85 01 54 
3440: 55 53 01 75 43 02 54 54 23 55 02 55 43 10 54 42 02 22 23 75 
3460: 43 02 94 22 23 54 55 02 54 42 02 69 21 71 02 79 42 04 43 01 
3480: 67 01 82 71 03 27 61 01 91 53 02 65 43 04 55 43 02 54 42 07 
3500: 71 03 12 71 02 54 87 00 02 04 92 97 00 02 11 61 00 73 71 03 
3520: 43 71 02 79 42 04 71 03 27 42 07 53 71 03 12 65 43 12 33 54 
3540: 71 02 54 87 00 02 41 92 97 00 02 48 61 00 73 71 03 43 61 01 
3560: 66 48 01 87 00 02 68 66 66 66 66 66 61 02 70 98 99 48 01 87 
3580: 00 02 77 92 99 92 53 53 02 65 43 01 75 01 54 65 89 55 02 55 
3600: 43 10 54 38 92 53 71 02 79 55 89 55 43 13 55 43 12 54 92 53 
3620: 43 07 55 02 55 89 55 43 13 55 43 12 54 92 53 04 65 43 03 65 
3640: 43 04 55 43 05 55 43 06 54 92 53 53 43 01 65 89 55 43 10 54 
3660: 38 33 85 43 02 33 54 42 05 43 04 42 03 43 07 42 06 69 21 92 
3680: 76 11 42 10 92 76 12 42 12 92 76 13 42 14 92 76 19 22 76 14 
3700: 86 00 01 61 00 49 76 10 22 76 15 86 00 53 43 14 55 43 10 54 
3720: 42 16 00 42 11 42 13 43 12 42 09 43 10 44 11 43 11 42 08 69 
3740: 28 00 42 15 42 17 43 14 44 13 53 43 15 36 00 16 65 53 43 13 
3760: 75 43 15 54 36 00 17 54 44 17 44 17 48 15 29 67 01 10 32 43 
3780: 13 32 67 01 10 48 15 61 01 15 48 15 22 44 17 43 16 44 15 97 
3800: 08 00 70 53 43 16 55 02 54 49 17 03 07 69 04 43 13 87 00 01 
3820: 53 66 66 66 66 66 66 43 17 92 61 01 70 98 69 06 04 05 05 05 
3840: 03 07 05 06 69 04 43 17 69 06 97 09 00 51 22 86 00 92 76 25 
3860: 58 09 60 00 92 76 16 42 08 32 01 00 42 00 00 42 01 32 92 76 
3880: 17 42 09 32 03 06 42 00 61 00 16 76 11 69 21 72 00 69 20 43 
3900: 01 92 72 00 69 20 61 00 41 76 13 86 00 00 42 03 43 08 42 00 
3920: 01 00 42 01 73 01 87 00 00 73 22 44 03 02 44 01 97 00 00 66 
3940: 22 87 00 01 01 22 86 00 43 09 42 00 03 06 42 01 61 00 66 01 
3960: 32 53 43 08 75 43 09 54 77 01 16 85 95 92 53 42 07 35 65 43 
3980: 03 54 98 99 92 53 01 08 00 55 43 07 54 98 99 92 53 24 85 03 
4000: 06 00 55 43 07 54 71 01 56 99 92 61 01 38 53 24 55 03 06 00 
4020: 54 53 22 59 65 03 06 00 54 92 76 14 71 02 37 71 02 77 00 48 
4040: 03 44 05 71 02 65 53 43 05 75 43 03 54 71 01 56 99 92 76 15 
4060: 71 02 37 01 94 49 05 02 06 44 04 71 02 77 00 48 03 22 44 05 
4080: 71 02 65 53 43 05 85 43 03 54 71 01 56 99 92 98 99 53 24 65 
4100: 02 85 08 54 42 04 03 06 42 02 43 09 42 01 00 42 03 01 08 00 
4120: 42 05 92 01 00 42 02 43 08 42 01 71 02 77 92 53 73 04 75 73 
4140: 02 54 42 06 69 24 69 22 29 67 02 95 22 86 00 53 73 04 75 73 
4160: 02 54 22 87 00 03 15 22 86 00 67 03 24 48 06 32 43 06 22 37 
4180: 44 03 69 34 69 22 97 01 02 77 92 76 10 61 00 09 76 15 86 00 
4200: 42 10 42 11 53 24 75 01 54 42 04 42 01 87 00 00 32 53 24 85 
4220: 03 02 54 42 03 01 02 44 01 44 03 00 42 07 70 00 42 05 42 06 
4240: 43 04 42 02 43 03 42 09 43 01 42 00 53 43 02 65 43 07 65 02 
4260: 65 89 55 43 11 54 42 08 53 39 65 73 00 54 44 05 43 08 53 38 
4280: 65 73 09 54 22 44 06 01 22 44 09 22 44 00 97 02 00 61 73 00 
4300: 44 05 98 98 43 07 66 99 87 00 01 41 53 53 43 05 85 43 06 54 
4320: 55 43 11 54 71 02 50 99 32 61 01 80 60 43 05 71 02 50 99 32 
4340: 43 06 71 02 50 99 98 22 37 32 71 02 50 99 53 28 65 02 00 54 
4360: 71 02 50 99 32 71 02 50 99 32 24 01 44 07 97 10 00 43 22 86 
4380: 00 32 92 76 11 98 53 42 00 85 01 02 54 48 00 99 92 76 12 72 
4400: 00 99 92 76 13 12 92 76 14 42 01 32 73 00 32 37 32 72 00 03 
4420: 02 44 00 32 72 00 43 01 99 92 76 25 60 47 58 09 22 86 00 00 
4440: 92 66 66 66 66 92 76 25 05 00 42 06 00 42 20 42 07 36 11 71 
4460: 25 92 76 11 42 20 99 92 76 13 42 05 99 92 76 16 42 06 99 92 
4480: 42 07 99 92 76 12 53 53 24 85 01 54 55 53 94 85 02 54 54 99 
4500: 92 76 14 43 14 99 92 43 15 99 92 76 17 42 01 92 42 02 43 06 
4520: 42 03 43 07 42 04 36 04 18 42 03 32 42 04 01 22 44 01 44 03 
4540: 36 04 18 99 42 08 32 99 42 09 92 76 15 60 43 08 32 43 09 53 
4560: 22 37 75 04 65 01 08 00 65 43 05 54 42 15 53 53 93 01 94 65 
4580: 43 20 65 43 05 54 22 28 65 32 42 10 54 42 14 32 43 15 37 42 
4600: 02 94 42 04 32 42 01 94 42 03 01 44 01 44 03 36 04 18 43 06 
4620: 42 03 43 07 42 04 36 04 13 99 32 99 92 76 18 42 01 92 42 02 
4640: 36 05 15 99 32 99 92 76 15 53 43 99 75 01 54 42 97 01 00 42 
4660: 94 01 42 98 53 43 97 85 09 54 42 08 53 53 53 43 99 75 43 97 
4680: 54 42 05 42 07 75 01 54 42 00 85 02 54 42 09 53 43 94 75 01 
4700: 54 42 06 43 05 42 96 43 06 42 95 71 02 72 73 93 42 01 73 92 
4720: 42 02 43 07 42 96 43 08 42 95 71 02 72 71 03 13 71 02 97 43 
4740: 00 42 96 43 06 42 95 71 02 72 71 03 13 71 03 05 43 09 42 96 
4760: 43 08 42 95 71 02 72 71 03 13 71 03 01 71 03 09 43 01 72 93 
4780: 43 02 72 92 01 22 44 08 01 00 32 43 08 22 77 01 53 61 00 56 
4800: 01 44 98 43 98 32 43 97 22 77 01 81 01 44 05 44 09 53 43 97 
4820: 85 09 54 42 08 61 00 56 01 22 44 97 32 43 97 67 01 98 01 22 
4840: 44 94 61 00 14 98 43 90 99 43 99 42 98 42 97 33 42 93 42 92 
4860: 01 00 44 98 01 01 44 97 73 98 94 42 01 73 97 42 03 43 93 44 
4880: 98 44 97 73 98 94 42 02 73 97 42 04 36 04 18 32 22 37 32 53 
4900: 28 65 02 00 54 99 32 99 01 44 88 43 91 44 90 36 00 11 92 53 
4920: 53 43 99 33 75 43 99 65 43 96 85 43 95 54 42 93 85 43 99 33 
4940: 54 42 92 92 36 04 13 92 36 04 10 92 36 04 18 92 36 04 17 92 
4960: 73 93 42 03 73 92 42 04 92 76 11 42 99 99 92 42 91 42 89 99 
4980: 92 42 90 99 32 92 53 53 99 75 32 54 55 43 91 54 42 91 92 92 