TMS0540 SECOND ROM Recorder Initialized
Datamath Calculator Museum June 2023
DUT: TMC0544NL ASP7849
SURVEYING MODULE -4-
(C) Texas Instruments 1977
-----------------------------------------------------------------
ADDR: BCD DATA
0000: 25 00 00 54 01 65 03 67 05 56 07 26 09 15 10 97 12 47 13 71 
0020: 15 93 17 48 19 49 21 32 23 37 24 75 26 71 28 62 30 28 32 23 
0040: 33 99 39 20 40 55 42 62 44 66 46 29 48 78 76 24 01 42 11 60 
0060: 58 09 76 25 29 06 42 01 00 72 01 97 01 00 15 92 76 95 71 24 
0080: 22 57 05 32 03 00 37 78 22 37 78 69 12 88 78 69 11 22 88 22 
0100: 78 69 14 53 24 75 36 11 71 23 54 54 52 22 52 32 02 04 07 09 
0120: 05 03 06 93 06 08 08 94 67 96 00 35 76 96 58 09 69 00 03 06 
0140: 04 01 03 05 04 02 69 03 01 07 04 05 02 04 03 01 02 02 69 04 
0160: 69 05 04 99 92 76 19 33 34 32 92 76 72 32 42 20 01 08 00 32 
0180: 22 77 98 53 24 75 03 06 00 54 76 98 32 43 20 32 92 76 10 98 
0200: 00 47 22 57 58 06 92 76 16 42 01 99 92 42 02 99 92 76 11 88 
0220: 71 01 30 92 05 19 43 12 37 19 19 22 37 71 72 71 01 32 92 76 
0240: 28 53 43 12 55 09 00 85 93 05 54 58 00 52 22 52 58 06 99 92 
0260: 76 12 88 42 16 61 01 32 76 17 42 13 99 92 53 29 65 09 00 75 
0280: 39 67 01 24 43 16 61 01 29 43 16 39 22 38 54 42 12 58 06 22 
0300: 88 99 92 76 13 42 07 99 92 99 88 39 22 38 22 88 76 18 36 04 
0320: 18 92 76 14 98 43 12 37 42 19 99 92 19 42 18 99 92 53 24 85 
0340: 43 01 54 42 03 99 92 36 04 71 69 92 76 15 36 05 71 80 43 07 
0360: 44 09 43 09 99 98 92 76 17 33 34 32 92 76 16 42 01 99 92 42 
0380: 02 99 92 76 11 99 53 42 03 75 43 01 54 42 18 99 92 76 12 99 
0400: 53 42 04 75 43 02 54 42 19 99 92 76 13 98 43 18 32 43 19 22 
0420: 37 36 02 71 72 32 42 00 32 29 77 00 73 53 24 85 03 06 00 54 
0440: 42 12 17 43 00 42 07 99 92 76 14 05 17 43 12 37 17 17 22 37 
0460: 36 02 71 72 42 16 22 88 99 92 53 43 12 55 09 00 85 93 05 54 
0480: 58 00 52 22 52 42 13 58 06 99 92 43 12 22 88 99 92 76 61 53 
0500: 43 03 65 48 01 48 02 75 43 04 65 48 02 54 44 10 43 18 33 34 
0520: 92 76 15 71 61 42 14 43 19 33 34 42 15 43 12 42 11 43 07 44 
0540: 09 43 09 99 98 92 76 10 98 00 47 22 57 58 06 92 76 10 33 34 
0560: 32 92 76 11 99 53 88 75 01 08 00 54 19 76 12 99 53 88 36 05 
0580: 71 68 53 42 12 55 09 00 42 00 32 43 00 85 93 05 54 58 00 52 
0600: 22 52 42 13 43 12 19 99 92 43 12 37 10 10 22 37 36 02 71 72 
0620: 19 99 92 43 13 99 92 76 13 42 07 99 92 99 88 39 22 38 22 88 
0640: 76 18 99 88 38 49 07 43 07 32 43 07 99 92 76 14 98 43 12 37 
0660: 42 19 99 92 10 42 18 99 92 53 24 85 43 01 54 42 03 99 92 76 
0680: 69 53 43 19 85 43 02 54 42 04 99 92 76 15 36 02 15 92 76 16 
0700: 22 57 58 06 47 42 01 99 92 42 02 99 92 88 42 11 19 99 92 76 
0720: 19 58 06 22 88 92 76 10 33 34 32 92 76 11 22 57 58 06 88 42 
0740: 05 76 16 22 88 99 92 76 68 85 43 11 29 75 77 00 33 00 85 03 
0760: 06 00 54 22 77 00 26 92 76 17 53 01 94 65 76 12 43 05 85 01 
0780: 08 00 71 68 42 12 16 92 05 10 43 12 37 10 10 22 37 36 02 71 
0800: 72 16 92 36 02 71 28 92 76 13 53 53 43 07 22 44 09 65 43 05 
0820: 54 65 89 65 01 08 00 35 54 42 08 44 09 99 92 76 14 43 07 10 
0840: 43 12 37 42 19 99 92 10 42 18 99 92 53 24 85 43 01 54 42 03 
0860: 99 92 36 04 71 69 92 76 19 53 01 94 65 76 18 43 08 65 43 07 
0880: 55 02 54 44 17 99 92 76 80 36 03 71 61 44 14 43 19 33 34 44 
0900: 15 43 12 42 11 43 09 92 76 15 71 80 99 98 92 76 11 48 02 48 
0920: 01 43 02 99 92 76 12 36 07 12 92 76 13 98 53 43 03 75 43 01 
0940: 54 42 18 42 05 53 43 04 75 43 02 54 42 19 42 06 53 33 85 43 
0960: 18 33 54 34 42 07 99 92 76 14 29 53 43 18 67 00 74 35 65 43 
0980: 19 54 22 30 33 34 61 00 76 09 00 42 16 58 06 22 88 99 92 76 
1000: 15 29 43 18 77 01 01 43 19 77 01 10 03 61 01 15 43 19 77 01 
1020: 14 04 61 01 15 02 61 01 15 01 42 13 99 92 76 16 29 43 10 67 
1040: 01 51 53 53 53 43 02 65 43 03 75 43 04 65 43 01 85 43 10 54 
1060: 55 02 54 33 34 85 43 17 54 42 10 99 92 76 17 53 43 07 55 43 
1080: 09 54 99 98 92 76 18 42 09 99 92 76 19 42 10 99 92 76 10 00 
1100: 47 98 58 06 92 76 11 42 12 48 02 42 11 48 01 43 12 99 92 76 
1120: 12 48 04 48 03 43 04 99 92 76 13 53 53 71 00 84 65 43 05 55 
1140: 43 09 54 36 08 71 79 92 76 14 53 53 71 00 84 65 43 06 55 43 
1160: 09 54 36 08 71 78 92 76 15 43 04 42 02 43 03 42 01 00 99 98 
1180: 92 71 23 42 18 71 28 42 19 53 33 85 43 18 33 54 34 42 07 92 
1200: 76 23 53 43 03 75 43 01 54 92 76 28 53 43 04 75 43 02 54 92 
1220: 76 16 11 92 76 17 12 92 76 18 42 09 99 92 76 19 71 23 42 05 
1240: 71 28 42 06 00 99 92 76 10 00 47 98 58 06 92 76 11 36 07 11 
1260: 92 76 12 36 07 12 92 76 13 36 07 71 23 42 18 53 53 33 34 65 
1280: 43 05 55 43 14 54 76 79 85 43 18 85 43 11 54 42 11 99 92 76 
1300: 14 36 07 71 28 42 19 53 53 33 34 65 43 06 55 43 15 54 76 78 
1320: 85 43 19 85 43 12 54 42 12 99 92 76 15 36 07 15 92 76 16 11 
1340: 92 76 17 12 92 76 19 36 07 19 92 76 18 36 07 71 23 33 34 44 
1360: 14 36 07 71 28 33 34 44 15 15 92 76 10 47 01 00 00 42 01 00 
1380: 58 06 98 92 76 11 48 03 48 02 43 03 99 92 76 12 53 53 53 99 
1400: 55 43 01 55 02 54 42 16 65 02 54 35 65 53 43 03 75 43 02 54 
1420: 54 42 05 99 92 76 17 99 53 53 42 05 35 65 53 43 03 75 43 02 
1440: 54 55 02 54 42 16 65 02 65 43 01 54 42 04 99 92 76 13 48 09 
1460: 48 08 43 09 99 92 98 53 43 08 85 43 16 65 43 01 54 42 06 99 
1480: 92 53 53 24 75 43 08 54 55 43 01 65 43 02 85 43 09 54 99 92 
1500: 76 18 48 07 48 06 43 07 99 92 98 53 43 06 75 43 16 65 43 01 
1520: 54 42 08 99 92 53 43 07 75 43 16 65 43 02 54 42 09 99 92 76 
1540: 14 53 53 43 02 55 43 05 54 94 65 43 01 85 43 08 54 99 92 76 
1560: 15 53 53 53 99 75 43 08 54 55 43 01 54 42 12 33 65 43 05 55 
1580: 02 85 43 02 65 43 12 85 43 09 54 99 92 76 10 47 05 00 42 01 
1600: 01 00 00 42 02 00 98 58 06 22 86 01 92 76 16 99 53 88 42 03 
1620: 55 02 54 42 11 43 03 22 88 92 76 17 86 01 92 76 14 36 11 14 
1640: 92 53 24 65 43 11 30 54 42 06 99 92 53 53 43 11 39 35 75 01 
1660: 54 65 43 05 54 42 07 99 92 87 01 00 95 53 53 43 01 55 43 05 
1680: 54 22 38 65 02 61 01 01 43 05 36 11 71 89 54 42 04 22 88 99 
1700: 92 53 43 03 55 43 04 65 43 02 54 42 08 99 61 00 16 76 12 36 
1720: 11 12 61 00 47 76 13 99 36 11 71 23 76 11 36 11 11 61 00 47 
1740: 76 15 36 11 15 61 00 47 76 10 36 10 10 92 76 16 36 10 16 92 
1760: 76 17 86 01 92 76 14 99 88 42 04 87 01 00 41 53 53 43 04 55 
1780: 02 54 38 35 65 43 01 61 11 43 04 71 89 76 11 54 42 05 99 98 
1800: 92 53 24 65 43 11 38 65 02 54 42 10 99 92 53 53 01 75 43 11 
1820: 39 54 65 43 05 54 99 92 53 43 03 65 89 65 43 05 33 55 03 06 
1840: 00 54 42 12 99 92 53 24 75 43 05 65 43 10 65 43 11 39 55 02 
1860: 54 99 92 53 43 11 30 65 43 05 33 75 43 12 54 22 86 01 99 92 
1880: 76 12 53 99 65 43 11 30 35 61 11 76 23 53 24 65 43 11 39 55 
1900: 53 01 75 43 11 39 54 92 76 13 71 23 61 11 76 15 99 53 35 65 
1920: 43 03 65 43 02 54 22 88 61 00 20 76 89 53 53 24 65 89 54 35 
1940: 65 43 02 65 01 08 00 54 92 76 16 58 06 53 42 12 75 43 06 54 
1960: 17 43 13 92 76 17 58 06 42 13 42 14 53 42 15 85 43 08 54 42 
1980: 17 92 76 11 58 06 48 15 48 14 43 15 92 76 12 53 53 43 15 75 
2000: 43 14 54 33 34 65 43 04 55 43 02 54 42 16 22 88 92 76 13 53 
2020: 53 43 16 55 02 54 38 65 43 05 65 02 54 92 76 14 53 53 43 15 
2040: 75 43 13 54 55 43 02 65 43 04 55 02 54 22 88 92 76 19 43 13 
2060: 92 76 15 43 17 92 76 18 43 13 98 99 29 53 43 15 55 43 02 54 
2080: 59 53 53 53 24 65 43 02 54 85 43 02 54 42 18 75 43 17 54 77 
2100: 01 58 43 18 61 01 62 86 01 43 17 11 98 99 12 98 99 13 99 14 
2120: 99 87 01 01 79 61 01 23 22 86 01 92 76 10 47 58 06 02 00 09 
2140: 00 02 02 02 07 93 02 08 42 01 98 99 92 76 11 42 02 99 92 76 
2160: 12 53 53 42 04 38 65 43 02 65 09 00 55 43 01 55 89 54 42 09 
2180: 65 93 01 04 02 54 42 10 43 04 99 92 76 13 42 05 99 92 42 06 
2200: 99 92 76 14 42 07 99 92 42 08 99 92 76 15 42 03 53 43 05 75 
2220: 43 06 75 43 07 85 43 08 54 42 15 53 53 53 43 04 75 02 65 43 
2240: 09 85 43 10 54 38 65 43 15 55 43 02 54 22 38 85 43 10 75 43 
2260: 09 85 43 04 54 42 11 43 03 99 98 92 76 16 53 53 43 11 75 43 
2280: 09 54 38 65 43 02 55 43 09 39 54 42 17 99 92 76 17 53 53 43 
2300: 01 85 43 03 54 35 65 43 01 65 43 17 54 99 92 76 18 53 43 02 
2320: 65 43 11 39 55 43 09 39 85 43 05 75 43 06 54 99 92 76 10 36 
2340: 13 10 92 76 11 42 02 99 92 76 12 42 03 99 92 76 13 42 18 99 
2360: 92 76 14 42 05 99 92 76 15 42 06 99 92 76 16 98 53 53 43 02 
2380: 33 75 53 43 18 85 43 06 75 43 03 75 43 05 54 33 54 55 53 43 
2400: 01 85 43 03 85 43 05 54 55 53 43 01 85 43 18 85 43 06 54 54 
2420: 34 53 24 65 53 43 01 85 43 03 54 54 42 17 99 92 76 17 53 43 
2440: 17 65 43 01 55 53 43 01 85 43 03 54 54 42 12 99 92 76 18 53 
2460: 53 99 85 43 01 54 65 43 12 55 43 01 54 99 92 76 10 47 01 00 
2480: 00 42 01 01 42 02 00 58 06 98 92 76 11 42 07 42 10 99 92 76 
2500: 12 42 06 99 92 76 13 42 03 99 92 76 14 88 42 04 22 88 99 92 
2520: 76 15 42 05 99 92 76 16 98 53 43 04 39 65 43 02 85 43 04 39 
2540: 33 65 43 01 65 43 03 54 42 08 99 92 76 17 43 07 42 15 42 18 
2560: 53 53 43 04 65 02 54 38 65 43 01 65 43 03 55 02 54 53 53 24 
2580: 85 43 04 38 65 43 02 54 85 43 06 75 43 05 54 99 92 53 24 85 
2600: 43 10 54 99 98 92 76 18 42 10 43 08 44 14 01 44 11 43 11 99 
2620: 98 92 76 19 53 42 16 75 43 15 54 42 17 53 53 43 07 75 43 10 
2640: 54 55 43 14 54 42 13 43 16 42 15 99 92 53 53 99 65 43 13 54 
2660: 85 43 17 54 44 18 43 18 99 98 92 76 17 65 01 08 00 54 39 94 
2680: 54 30 92 76 10 00 47 98 58 06 92 76 11 36 06 11 92 76 12 48 
2700: 04 48 03 43 04 99 92 76 13 48 06 88 48 05 43 06 99 92 76 14 
2720: 48 08 88 48 07 43 08 99 92 76 15 98 53 43 05 65 53 43 06 17 
2740: 42 12 53 43 07 65 53 43 08 17 42 13 69 19 87 07 01 42 53 53 
2760: 24 65 43 03 75 43 04 85 43 02 75 43 01 65 43 12 54 55 53 43 
2780: 13 75 43 12 54 54 53 53 42 10 75 43 01 54 65 43 12 85 43 02 
2800: 54 42 11 43 10 99 92 76 16 43 11 99 92 22 86 07 53 43 12 69 
2820: 19 87 07 01 70 65 53 43 03 42 10 75 43 01 54 85 43 02 61 01 
2840: 29 22 86 07 43 13 65 53 43 01 42 10 75 43 03 54 85 43 04 61 
2860: 01 29 76 10 00 47 98 58 06 92 76 11 36 06 11 92 76 12 36 16 
2880: 12 92 76 13 42 05 99 92 76 14 42 06 99 92 76 15 98 53 43 03 
2900: 75 43 01 54 42 07 33 42 09 53 43 04 75 43 02 54 42 08 33 53 
2920: 53 53 42 10 85 43 09 54 34 42 11 33 85 43 05 33 75 43 06 33 
2940: 54 55 02 55 43 05 55 43 11 54 22 39 42 12 22 88 99 92 76 16 
2960: 43 07 32 43 08 22 37 36 02 71 72 29 77 01 20 53 24 85 03 06 
2980: 00 54 42 13 22 88 99 92 76 17 53 53 43 13 75 43 12 54 39 65 
3000: 43 05 85 43 01 54 99 92 76 18 53 53 43 13 75 43 12 54 38 65 
3020: 43 05 85 43 02 54 99 92 76 10 00 47 98 58 06 92 76 11 36 06 
3040: 11 92 76 12 36 16 12 92 76 13 88 42 05 22 88 58 06 99 92 76 
3060: 14 42 06 99 92 76 15 42 07 99 92 76 16 98 29 53 53 43 06 75 
3080: 01 54 67 00 78 75 02 54 67 00 73 53 09 00 65 43 06 75 61 00 
3100: 78 53 01 08 00 85 43 05 54 42 08 53 43 03 75 43 01 54 42 09 
3120: 53 53 43 04 75 43 02 54 42 10 33 85 43 09 33 54 34 42 11 99 
3140: 92 76 17 43 09 32 43 10 22 37 36 02 71 72 42 12 22 88 99 92 
3160: 76 18 53 43 12 75 43 08 54 42 13 53 53 38 65 43 11 54 33 94 
3180: 85 43 07 33 54 53 53 34 85 43 13 39 65 43 11 54 42 14 65 43 
3200: 08 39 85 43 01 54 99 92 76 19 53 43 14 65 43 08 38 85 43 02 
3220: 54 99 92 76 10 00 47 98 58 06 92 76 11 36 06 11 92 76 12 36 
3240: 16 12 92 76 13 36 16 13 92 76 14 98 29 53 53 43 06 75 01 54 
3260: 67 00 61 75 02 54 67 00 56 53 09 00 65 43 06 75 61 00 61 53 
3280: 01 08 00 85 43 05 54 42 12 30 42 07 35 53 42 08 85 43 07 54 
3300: 42 09 53 53 43 07 65 43 01 85 43 08 65 43 03 85 43 04 75 43 
3320: 02 54 55 43 09 54 42 10 99 92 76 15 53 43 02 85 53 43 10 75 
3340: 43 01 54 65 43 07 54 42 11 99 92 76 16 53 53 43 03 75 43 10 
3360: 54 33 85 53 43 04 75 43 11 54 33 54 34 99 92 76 17 53 53 43 
3380: 01 75 43 10 54 33 85 53 43 02 75 43 11 54 33 54 34 99 92 76 
3400: 11 98 58 03 42 02 99 92 42 03 99 92 76 12 98 58 03 42 20 99 
3420: 42 04 92 42 21 99 42 05 71 03 06 42 10 71 04 78 32 42 11 32 
3440: 92 76 13 98 58 03 42 22 99 42 04 92 42 23 99 42 05 71 03 06 
3460: 42 12 71 04 78 32 42 13 53 43 12 75 43 10 54 50 53 42 14 75 
3480: 01 08 00 54 29 22 77 01 00 53 03 06 00 75 43 14 54 42 14 58 
3500: 06 43 13 32 43 12 22 88 92 76 14 98 58 06 99 88 42 15 92 76 
3520: 15 99 88 42 16 69 10 42 18 49 16 43 01 32 03 67 01 63 53 53 
3540: 53 43 15 85 43 16 85 43 14 54 55 02 54 94 85 01 08 00 54 61 
3560: 01 77 53 53 43 14 75 43 15 75 43 16 54 55 02 54 42 06 53 58 
3580: 04 52 22 52 75 09 00 54 29 22 67 01 97 00 35 92 53 53 53 43 
3600: 15 38 55 43 16 38 65 43 11 55 43 13 54 22 30 85 04 05 54 30 
3620: 35 65 43 06 30 54 22 30 53 42 07 85 43 06 54 50 42 08 53 43 
3640: 06 75 43 07 54 50 42 09 53 01 08 00 75 43 08 75 43 16 54 49 
3660: 18 53 43 18 85 43 10 85 01 08 00 54 42 19 71 03 99 53 43 08 
3680: 38 55 43 16 38 65 43 11 54 42 17 32 43 19 37 44 03 32 44 02 
3700: 43 16 58 06 92 53 43 02 75 43 04 54 42 06 53 43 03 75 43 05 
3720: 54 42 07 53 43 06 33 85 43 07 33 54 34 42 08 43 06 29 22 67 
3740: 03 48 09 00 61 03 57 53 35 65 43 07 54 22 30 50 42 09 43 06 
3760: 77 03 77 43 07 77 03 90 53 01 08 00 85 61 03 95 43 07 77 03 
3780: 95 53 03 06 00 75 61 03 95 53 01 08 00 75 43 09 54 92 43 19 
3800: 29 77 04 13 03 06 00 44 19 61 03 99 53 24 75 03 06 00 54 77 
3820: 04 24 92 03 06 00 22 44 19 43 19 61 04 13 76 16 43 19 98 58 
3840: 09 22 88 58 06 99 32 43 17 99 32 92 76 17 43 20 42 04 43 21 
3860: 61 04 72 76 18 43 22 42 04 43 23 42 05 71 03 06 98 58 09 22 
3880: 88 58 06 99 32 43 08 99 32 92 76 19 98 58 03 43 02 99 32 43 
3900: 03 99 32 92 76 10 22 57 47 58 09 42 01 98 99 60 00 58 03 92 
3920: 76 10 47 22 58 00 98 22 86 01 92 76 15 29 99 42 07 44 03 53 
3940: 43 00 75 01 54 42 00 67 00 48 92 53 43 03 55 04 65 43 01 65 
3960: 43 02 54 42 05 61 00 68 87 01 00 31 53 43 03 55 03 65 43 01 
3980: 65 43 02 55 02 54 42 05 44 06 00 92 76 13 00 42 03 22 86 01 
4000: 03 42 00 99 92 76 14 00 42 03 86 01 04 42 00 99 92 76 11 42 
4020: 02 99 92 76 12 42 01 99 92 76 16 43 02 99 92 76 17 43 01 99 
4040: 92 76 18 43 06 99 98 92 76 19 43 05 99 98 92 76 10 47 22 58 
4060: 01 42 10 98 61 81 71 00 16 99 92 53 43 03 65 43 06 75 43 05 
4080: 65 43 04 54 44 08 43 05 42 03 43 06 42 04 92 76 12 87 02 00 
4100: 52 42 02 42 04 86 02 42 06 87 03 00 11 86 03 99 92 76 11 87 
4120: 01 00 74 42 01 42 03 86 01 42 05 99 92 76 13 29 42 09 53 43 
4140: 10 75 01 54 67 01 06 43 09 67 01 03 22 77 01 03 99 92 00 35 
4160: 92 42 09 99 92 76 14 43 01 42 05 43 02 42 06 71 00 16 53 53 
4180: 53 43 08 33 34 55 02 54 42 08 85 43 07 54 65 43 09 55 02 54 
4200: 42 11 44 12 43 08 42 07 71 81 00 42 08 53 43 10 85 01 54 42 
4220: 10 99 92 76 16 43 07 99 92 76 17 43 11 99 98 92 76 18 43 12 
4240: 99 98 92 76 19 43 10 99 98 92 76 81 22 86 01 22 86 02 22 86 
4260: 03 92 76 10 43 02 92 76 16 53 53 43 00 33 85 43 01 33 75 10 
4280: 33 54 55 02 55 43 00 55 43 01 54 22 39 87 02 00 49 42 05 86 
4300: 02 43 00 48 01 48 02 42 00 61 16 87 03 00 60 42 04 86 03 61 
4320: 00 39 42 03 87 00 01 27 99 61 81 76 11 22 57 58 09 42 00 99 
4340: 92 76 12 42 01 99 92 76 13 42 02 99 92 76 18 53 43 00 33 85 
4360: 43 01 33 75 02 65 43 00 65 43 01 65 10 39 54 34 87 01 01 76 
4380: 42 02 86 02 86 00 61 00 39 42 05 43 01 99 61 81 76 17 53 53 
4400: 10 38 65 43 01 55 43 00 54 22 52 52 22 52 22 38 52 22 52 42 
4420: 04 94 85 01 94 22 39 75 10 54 42 02 42 05 86 01 61 18 42 02 
4440: 99 61 81 76 14 43 04 99 92 76 15 43 05 99 98 92 76 81 22 86 
4460: 00 36 22 71 81 92 76 11 58 09 42 00 99 92 76 12 42 04 99 92 
4480: 76 13 42 05 99 92 76 16 53 01 94 22 39 75 43 04 75 43 05 54 
4500: 42 03 61 00 59 76 17 53 01 94 22 39 75 43 04 42 03 75 43 05 
4520: 54 42 04 86 00 53 43 00 65 43 04 38 55 43 03 38 54 42 01 53 
4540: 43 00 65 43 05 38 55 43 03 38 54 42 02 87 00 00 95 43 03 99 
4560: 92 43 04 22 86 00 99 92 76 14 43 01 99 92 76 15 43 02 99 98 
4580: 92 76 18 53 53 43 00 85 43 01 85 43 02 54 55 02 54 53 42 06 
4600: 65 53 43 06 75 43 00 54 65 53 43 06 75 43 01 54 65 53 43 06 
4620: 75 43 02 54 54 34 99 98 92 76 11 10 92 19 71 00 27 53 43 00 
4640: 65 89 65 01 08 00 35 65 43 01 54 42 02 99 98 92 53 53 43 00 
4660: 55 02 54 38 65 02 65 43 01 54 42 03 92 76 12 10 92 99 53 53 
4680: 42 03 55 02 55 43 01 54 22 38 65 02 54 42 00 61 00 08 76 13 
4700: 10 92 99 53 53 42 02 55 43 01 54 65 01 08 00 65 89 35 54 42 
4720: 00 71 00 27 99 98 92 76 14 42 03 99 92 53 53 19 55 02 54 38 
4740: 35 65 43 03 55 02 54 42 01 61 00 08 76 15 19 92 99 53 42 02 
4760: 65 53 43 00 65 89 65 01 08 00 35 54 35 54 42 01 71 00 27 99 
4780: 98 92 76 16 43 00 22 88 99 92 43 01 99 92 76 17 43 02 99 92 
4800: 43 03 99 92 76 18 53 43 01 65 43 02 55 02 54 42 04 99 92 53 
4820: 53 53 43 00 55 02 54 39 65 43 01 65 43 03 55 02 54 94 85 43 
4840: 04 54 99 92 76 10 29 58 06 42 01 77 02 28 23 43 01 99 92 76 
4860: 19 29 58 06 99 88 42 00 38 77 02 44 23 43 00 92 61 11 92 92 
4880: 92 92 92 92 92 92 92 92 92 92 92 92 92 92 92 92 92 92 92 92 
4900: 92 92 92 92 92 92 92 92 92 92 92 92 92 92 92 92 92 92 92 92 
4920: 92 92 92 92 92 92 92 92 92 92 92 92 92 92 92 92 92 92 92 92 
4940: 92 92 92 92 92 92 92 92 92 92 92 92 92 92 92 92 92 92 92 92 
4960: 92 92 92 92 92 92 92 92 92 92 92 92 92 92 92 92 92 92 92 92 
4980: 92 92 92 92 92 92 92 92 92 92 92 92 92 92 92 92 92 92 92 92 
