TMS0540 SECOND ROM Recorder Initialized
Datamath Calculator Museum June 2023
DUT: TMC0547NL SP7740
LEISURE LIBRARY MODULE -7-
(C) Texas Instruments 1977
-----------------------------------------------------------------
ADDR: BCD DATA
0000: 21 00 00 46 01 50 02 47 03 04 04 81 07 81 12 19 15 28 17 78 
0020: 18 96 22 02 26 43 28 05 30 38 32 35 33 98 37 19 39 60 41 63 
0040: 42 66 45 06 49 48 76 24 00 42 09 60 58 09 76 25 29 06 42 01 
0060: 00 72 01 97 01 00 15 92 76 95 71 24 22 57 05 32 03 00 37 78 
0080: 22 37 78 69 12 88 78 69 11 22 88 22 78 69 14 53 24 75 36 15 
0100: 71 88 54 52 22 52 32 03 07 07 93 02 05 08 00 09 01 67 96 00 
0120: 35 76 96 58 09 69 00 02 04 03 06 04 01 03 05 01 07 69 04 02 
0140: 07 01 07 69 03 69 05 07 99 92 76 25 47 58 09 00 92 53 24 65 
0160: 02 05 93 04 54 92 76 16 71 00 07 76 11 42 01 92 76 17 71 00 
0180: 07 76 12 42 02 94 92 76 13 29 77 00 85 53 43 04 65 14 54 33 
0200: 92 76 14 53 53 43 02 75 02 65 43 01 85 53 43 02 33 75 04 65 
0220: 43 01 65 43 02 54 34 54 55 02 55 43 01 54 92 53 42 03 34 55 
0240: 14 54 42 04 43 03 92 76 25 47 58 09 00 92 76 11 53 32 02 45 
0260: 32 54 35 42 01 35 92 76 12 35 42 02 35 92 76 13 53 42 03 55 
0280: 53 43 02 75 43 01 54 34 42 04 54 92 76 14 53 35 65 43 03 55 
0300: 43 04 54 92 76 25 47 58 09 00 92 76 11 01 02 42 00 61 00 21 
0320: 76 13 06 42 00 43 00 92 72 00 97 00 00 21 00 92 76 14 42 18 
0340: 01 01 61 00 63 76 17 42 18 06 61 00 63 76 19 42 18 05 61 00 
0360: 63 76 12 42 18 01 02 53 42 00 75 04 54 42 19 53 43 18 63 00 
0380: 65 73 19 54 74 00 01 74 19 73 19 22 64 00 00 92 42 18 53 43 
0400: 00 75 02 75 42 00 02 54 42 19 43 18 53 63 00 65 53 73 19 75 
0420: 01 54 54 74 00 73 19 22 64 00 00 92 76 15 53 53 43 12 85 43 
0440: 03 54 55 02 54 58 00 88 42 13 53 53 43 10 85 43 05 54 55 02 
0460: 54 88 42 14 58 09 53 43 14 52 94 02 85 43 13 54 22 52 58 09 
0480: 92 76 16 47 53 42 06 85 01 00 54 48 06 74 09 92 76 17 53 24 
0500: 75 59 42 01 54 92 76 18 43 08 92 76 19 73 09 92 76 10 53 17 
0520: 65 01 00 54 92 76 11 29 42 09 67 02 35 09 44 09 22 86 07 73 
0540: 09 69 19 87 07 02 39 93 00 01 71 00 12 19 10 10 29 22 67 00 
0560: 92 93 01 94 71 00 12 01 00 00 94 34 92 53 43 09 75 09 54 92 
0580: 76 12 42 08 71 00 12 19 10 17 29 43 01 67 01 25 18 71 00 12 
0600: 93 01 94 71 00 12 53 19 10 17 00 32 43 01 75 02 54 22 77 01 
0620: 50 18 71 00 12 93 01 94 71 00 12 53 29 18 75 01 00 54 22 67 
0640: 01 73 19 10 10 29 67 01 73 93 02 71 00 12 18 92 76 13 53 42 
0660: 07 71 00 12 19 10 17 29 43 01 75 01 54 22 67 02 07 43 07 71 
0680: 00 12 93 01 94 71 00 12 53 18 29 85 43 07 75 01 00 54 22 67 
0700: 02 26 93 01 71 00 12 43 07 92 76 14 71 00 12 92 01 94 23 92 
0720: 53 43 09 75 09 54 92 76 15 42 09 98 99 09 44 09 19 99 92 76 
0740: 99 58 00 43 06 32 09 42 01 69 21 53 43 01 67 02 89 98 75 09 
0760: 54 99 66 73 01 99 66 61 02 68 75 01 00 54 92 76 25 58 09 47 
0780: 92 76 19 53 53 42 15 85 03 05 00 85 50 75 53 43 15 75 03 05 
0800: 00 85 50 54 54 55 02 75 03 05 00 54 92 76 12 53 42 05 44 06 
0820: 75 43 04 54 87 03 00 48 19 42 03 44 01 69 22 53 43 05 75 01 
0840: 02 00 00 54 87 03 00 68 19 42 14 44 12 43 05 92 76 17 43 03 
0860: 22 44 01 43 14 22 44 12 69 32 43 05 22 44 06 00 92 76 11 22 
0880: 86 01 22 86 02 22 86 03 42 04 32 58 00 00 42 01 42 06 42 02 
0900: 42 12 01 01 09 09 22 77 01 31 86 02 43 04 92 76 16 86 03 42 
0920: 11 92 76 13 86 01 09 09 92 76 14 42 07 58 01 92 76 15 58 00 
0940: 53 53 43 06 85 04 00 00 65 53 02 65 43 07 75 43 02 54 42 10 
0960: 54 55 43 02 54 42 09 53 53 43 12 55 02 05 85 01 02 00 00 85 
0980: 01 06 65 43 10 54 75 53 43 01 55 02 05 85 43 04 85 01 06 65 
1000: 43 10 54 42 08 54 42 16 87 03 03 17 22 87 02 02 66 43 09 32 
1020: 43 04 22 77 02 48 43 08 92 01 02 00 00 77 02 63 53 43 08 85 
1040: 43 16 54 92 43 09 92 43 08 87 01 02 76 71 03 73 92 53 53 24 
1060: 75 43 04 54 75 02 04 32 53 01 06 85 02 65 43 02 54 77 03 00 
1080: 32 54 32 00 77 03 07 32 53 24 85 43 08 54 71 03 73 92 53 43 
1100: 11 65 53 01 02 00 00 75 43 04 54 55 53 43 11 85 43 02 54 54 
1120: 42 16 53 53 43 11 65 43 04 85 04 00 00 65 43 10 85 43 06 54 
1140: 55 53 43 11 85 43 02 54 54 42 08 61 02 31 42 13 32 02 03 00 
1160: 00 22 77 03 86 32 92 32 43 04 77 04 08 53 43 13 75 53 24 75 
1180: 02 03 00 00 54 55 02 54 92 53 43 13 75 53 24 75 43 04 54 55 
1200: 02 54 92 76 25 47 58 09 22 86 01 22 86 02 22 86 03 00 92 76 
1220: 25 47 58 09 07 42 01 22 86 00 00 92 76 12 53 43 03 85 06 54 
1240: 42 00 00 42 30 07 42 01 43 03 42 05 73 01 42 31 61 00 48 43 
1260: 31 32 73 01 77 00 56 43 01 42 32 73 01 48 31 69 21 97 05 00 
1280: 40 43 31 99 66 44 30 73 00 63 32 69 30 69 33 97 06 00 26 69 
1300: 00 07 07 69 04 43 30 98 69 06 66 69 00 06 07 69 04 53 43 30 
1320: 55 43 02 65 69 06 66 93 09 06 54 42 30 66 69 00 01 02 00 07 
1340: 06 01 06 07 69 04 43 30 69 06 69 00 02 03 69 04 00 32 53 43 
1360: 30 22 77 01 53 85 93 05 54 61 01 59 53 24 75 93 05 54 59 69 
1380: 06 92 76 11 58 03 99 58 09 42 30 53 22 59 65 01 00 00 54 32 
1400: 53 43 30 59 75 32 54 99 98 72 01 42 29 69 21 22 87 00 02 05 
1420: 43 28 42 01 22 86 00 43 29 92 76 17 42 04 02 07 42 01 43 04 
1440: 11 07 42 01 02 01 42 04 73 01 69 31 72 01 53 43 01 85 02 54 
1460: 42 01 97 04 02 29 43 29 92 76 16 42 03 99 08 32 53 43 03 22 
1480: 77 02 71 55 02 54 59 61 02 78 53 43 03 75 04 54 59 42 06 42 
1500: 02 99 98 92 76 15 53 24 85 06 54 42 27 86 00 43 01 42 28 43 
1520: 27 53 42 01 75 06 54 92 76 11 53 42 12 65 01 42 13 54 22 86 
1540: 01 92 76 12 42 11 92 76 13 86 01 92 76 14 02 49 13 43 13 92 
1560: 76 15 00 42 18 06 32 43 11 22 77 00 50 02 44 18 43 11 32 07 
1580: 22 67 00 59 02 49 18 22 87 01 00 69 01 93 05 49 18 06 53 48 
1600: 18 65 05 54 42 17 22 87 01 00 86 04 44 18 04 00 32 43 12 22 
1620: 67 00 97 03 00 42 16 53 53 24 65 53 43 11 75 01 54 85 43 12 
1640: 54 65 43 13 54 42 14 32 09 09 32 77 01 29 01 42 18 43 13 32 
1660: 01 67 01 55 44 18 53 05 00 22 87 01 01 48 65 02 65 43 13 54 
1680: 42 16 53 05 00 65 53 43 17 85 43 18 54 85 43 14 54 42 14 92 
1700: 76 19 53 24 65 43 16 85 43 14 54 92 76 10 42 18 53 05 00 65 
1720: 43 13 22 87 01 02 01 65 02 54 32 43 16 32 67 02 17 53 24 65 
1740: 43 18 94 54 92 53 24 85 32 65 53 43 18 75 01 54 65 01 93 05 
1760: 87 01 02 37 02 54 94 92 76 25 47 58 09 22 86 01 00 92 76 15 
1780: 47 42 09 76 12 69 25 43 05 42 06 53 36 15 71 88 65 01 00 54 
1800: 59 32 73 06 67 00 09 97 06 00 24 32 72 05 43 05 32 03 77 00 
1820: 07 00 92 76 11 58 09 99 42 07 04 42 05 53 43 07 55 01 00 54 
1840: 42 07 22 59 53 22 44 07 65 01 00 54 32 04 42 06 73 06 67 00 
1860: 90 97 06 00 78 61 01 02 43 06 32 43 05 67 00 99 93 01 44 08 
1880: 97 05 00 55 00 48 08 58 01 99 98 92 76 25 47 92 76 11 32 00 
1900: 67 01 06 01 61 00 30 76 12 32 00 67 01 11 02 61 00 30 76 13 
1920: 32 00 67 01 16 03 53 24 85 03 65 53 32 75 01 54 54 32 05 77 
1940: 00 81 01 02 77 00 86 02 00 77 00 91 02 06 77 00 96 02 00 61 
1960: 01 24 76 14 32 06 77 00 77 03 61 00 98 01 61 00 98 01 02 61 
1980: 00 98 01 05 61 00 98 01 07 61 00 98 02 00 53 24 85 32 54 61 
2000: 01 24 05 07 61 01 24 04 00 61 01 24 07 01 61 01 24 76 15 00 
2020: 32 01 00 00 49 01 32 44 01 43 01 97 03 01 49 69 20 72 00 05 
2040: 42 03 00 42 01 29 69 32 43 02 22 67 01 76 87 01 01 69 43 00 
2060: 42 03 71 01 77 05 42 03 02 00 42 02 92 04 42 01 73 03 84 01 
2080: 69 33 97 01 01 80 69 05 69 00 92 76 16 43 03 32 05 67 02 24 
2100: 69 20 02 49 03 53 43 03 22 28 52 22 52 65 00 48 01 54 72 00 
2120: 53 43 02 55 05 54 59 44 00 61 01 58 76 17 03 42 03 43 00 32 
2140: 04 44 03 71 01 77 04 44 03 43 03 22 67 02 44 05 42 03 00 92 
2160: 76 19 53 53 24 65 04 75 01 54 42 03 85 04 54 61 02 43 76 25 
2180: 47 22 86 01 01 76 18 53 24 65 04 75 01 54 42 00 00 42 01 61 
2200: 01 69 76 25 36 01 71 25 22 86 01 22 86 02 69 00 58 09 92 22 
2220: 87 01 00 27 86 02 22 86 01 92 76 15 42 09 76 14 71 25 86 00 
2240: 71 03 01 42 03 32 42 02 22 86 00 71 00 17 71 02 91 44 03 71 
2260: 00 17 98 02 03 71 02 99 42 05 76 11 03 06 71 02 99 44 06 02 
2280: 02 32 53 43 05 85 43 06 54 22 77 01 22 99 32 04 05 03 02 04 
2300: 01 00 00 01 04 69 02 04 01 03 06 03 07 01 07 01 06 69 03 69 
2320: 05 61 02 60 32 02 03 02 04 03 07 07 01 69 04 32 69 06 69 00 
2340: 98 92 76 12 02 03 05 05 01 06 05 06 69 04 43 02 71 03 15 22 
2360: 86 01 01 06 32 43 06 77 01 69 32 42 08 69 28 43 08 32 43 03 
2380: 22 87 02 02 05 53 24 85 01 00 54 22 77 02 08 32 02 01 77 02 
2400: 41 22 86 02 61 01 73 77 02 44 71 02 91 71 00 17 44 03 43 03 
2420: 32 02 01 77 01 73 43 03 99 32 02 07 04 01 01 05 02 06 04 05 
2440: 61 02 82 32 42 03 43 03 99 32 43 05 44 06 43 06 32 22 77 02 
2460: 27 32 01 03 02 02 01 03 02 04 03 01 69 03 03 07 03 05 04 05 
2480: 00 00 00 00 69 02 69 05 69 00 98 32 92 03 06 05 05 01 06 05 
2500: 06 69 04 53 53 36 15 71 88 65 01 03 54 85 01 54 59 42 17 32 
2520: 01 22 67 03 39 86 01 87 00 04 14 66 01 03 01 05 01 07 61 04 
2540: 08 01 00 22 77 03 57 87 00 04 14 43 17 69 06 69 00 66 92 42 
2560: 17 87 00 04 14 01 02 32 66 22 77 03 99 67 03 86 32 02 06 02 
2580: 04 03 01 02 02 61 04 08 03 04 04 01 01 07 01 07 03 01 61 04 
2600: 08 32 02 05 01 03 01 05 02 06 69 02 69 05 69 00 43 17 92 76 
2620: 16 22 87 01 04 31 22 86 01 01 00 44 05 53 43 06 85 43 05 54 
2640: 61 00 77 76 12 36 15 71 88 58 02 42 02 92 76 13 36 15 71 88 
2660: 58 02 42 03 32 43 02 22 77 35 43 02 48 03 42 02 76 35 32 29 
2680: 92 76 15 53 43 03 75 43 02 75 93 01 54 29 77 89 01 00 61 79 
2700: 76 89 53 53 24 85 93 01 54 35 75 01 54 76 79 42 05 92 76 16 
2720: 29 22 77 92 42 06 36 15 71 88 58 02 53 42 04 75 43 02 54 77 
2740: 99 61 98 76 99 53 43 03 75 43 04 54 77 97 76 98 43 06 94 61 
2760: 80 76 97 53 43 05 65 43 06 54 76 80 44 07 92 76 17 43 04 92 
2780: 76 18 43 07 92 76 11 42 09 01 00 00 42 07 92 76 25 58 02 92 
2800: 76 92 00 35 92 76 10 43 10 71 70 53 06 65 43 09 85 93 05 54 
2820: 52 22 52 58 09 92 76 70 49 09 43 09 58 00 88 22 44 09 93 05 
2840: 44 09 92 76 11 87 01 22 10 53 42 06 85 10 44 06 55 01 00 54 
2860: 42 05 58 01 99 53 43 06 75 04 54 29 22 77 23 53 53 24 75 03 
2880: 54 67 24 53 24 75 04 54 67 24 53 24 75 01 54 54 67 23 86 01 
2900: 61 14 76 22 10 53 42 04 85 10 44 04 55 01 00 54 42 05 99 53 
2920: 43 04 75 07 54 29 67 23 53 24 85 07 75 43 06 54 67 24 76 14 
2940: 43 05 58 01 92 76 15 71 60 22 86 01 01 00 00 42 07 58 02 99 
2960: 98 92 76 60 32 01 69 17 47 06 69 17 32 42 09 07 22 23 42 10 
2980: 92 76 23 53 01 94 65 76 24 43 08 85 43 07 54 42 07 58 02 22 
3000: 86 01 99 98 92 76 13 29 22 77 38 53 42 08 75 43 07 54 94 22 
3020: 77 38 43 08 58 02 99 92 76 38 00 35 58 09 92 76 25 92 76 13 
3040: 43 00 29 22 67 79 53 43 03 33 75 43 04 65 02 06 54 34 94 42 
3060: 03 76 39 00 42 04 35 76 30 58 00 43 03 99 92 76 79 58 04 53 
3080: 43 03 77 89 75 61 28 76 89 85 76 28 43 04 65 04 94 22 28 54 
3100: 99 92 76 11 58 09 53 53 99 29 77 85 00 76 85 75 07 05 54 77 
3120: 75 85 76 75 07 05 54 53 42 01 75 43 00 54 94 77 60 43 00 42 
3140: 01 00 76 60 42 00 53 43 01 65 01 08 09 00 55 53 43 00 85 01 
3160: 02 06 00 54 75 01 03 54 53 42 06 55 02 85 43 03 54 58 00 52 
3180: 22 52 44 04 43 04 29 22 77 39 43 06 58 00 88 44 03 43 04 67 
3200: 30 61 13 76 12 58 02 43 00 92 76 15 98 06 03 00 42 00 04 08 
3220: 07 94 42 03 02 06 00 03 42 04 61 13 76 25 92 76 11 42 04 99 
3240: 92 76 12 42 09 99 53 71 88 65 01 00 00 54 59 42 01 00 92 76 
3260: 25 58 09 00 42 05 92 76 15 22 86 01 42 02 99 69 25 71 88 53 
3280: 24 65 01 00 00 54 59 42 03 32 43 04 22 77 42 86 01 76 42 43 
3300: 02 32 43 01 67 39 22 77 30 87 01 34 76 33 01 99 98 92 76 30 
3320: 87 01 33 76 34 01 94 99 98 92 76 39 43 02 94 34 33 99 98 92 
3340: 76 13 71 88 99 92 76 14 43 05 99 92 76 88 58 09 53 53 02 04 
3360: 02 09 08 65 43 09 85 09 09 09 09 01 54 55 01 09 09 00 01 07 
3380: 42 10 54 53 53 22 59 65 43 10 54 42 09 55 43 10 54 92 76 11 
3400: 36 10 11 61 00 34 76 12 36 10 12 61 00 34 76 13 32 09 22 67 
3420: 00 30 36 10 15 61 00 34 32 36 10 13 32 02 00 87 04 01 97 67 
3440: 00 64 32 92 76 14 53 53 24 55 05 54 59 94 85 04 54 42 19 36 
3460: 10 16 86 04 29 43 19 42 00 04 42 02 87 02 02 24 08 42 03 05 
3480: 42 01 73 02 42 16 53 43 16 55 01 00 00 54 42 16 22 59 22 44 
3500: 16 87 00 01 18 67 01 37 71 02 53 74 03 61 01 37 22 67 01 37 
3520: 86 03 71 02 53 22 74 03 43 17 71 02 55 74 03 97 01 00 88 69 
3540: 22 69 23 97 00 00 81 02 22 87 00 01 91 87 03 01 91 01 44 18 
3560: 43 18 32 07 67 01 74 43 17 61 01 82 02 03 04 01 03 01 02 02 
3580: 69 04 32 69 06 61 03 10 01 36 10 19 61 03 10 42 02 42 03 00 
3600: 48 01 29 22 67 02 10 92 53 42 17 55 01 00 00 54 32 86 00 61 
3620: 00 67 01 02 42 03 00 42 17 53 73 02 75 73 03 54 22 67 01 59 
3640: 69 23 69 22 97 00 02 31 61 01 90 02 00 53 24 65 53 53 05 75 
3660: 43 01 54 65 02 54 22 28 52 22 52 54 92 76 15 86 02 22 86 04 
3680: 00 42 12 42 13 42 14 42 15 03 36 10 18 92 76 25 36 10 71 25 
3700: 86 01 04 42 19 22 86 04 22 86 00 22 86 02 22 86 03 00 92 76 
3720: 25 29 47 76 15 43 01 92 42 02 42 01 43 01 92 76 11 22 86 01 
3740: 43 02 92 53 24 75 04 54 29 77 11 53 24 85 03 54 22 77 11 53 
3760: 24 85 01 54 94 44 02 43 02 67 69 53 24 85 06 54 42 05 93 02 
3780: 74 05 76 12 86 01 43 02 42 06 53 10 10 10 42 03 43 02 42 06 
3800: 43 04 65 01 08 00 55 89 54 53 53 24 75 53 24 85 93 05 54 59 
3820: 85 93 05 54 42 04 65 43 03 54 94 76 90 42 00 53 71 60 85 43 
3840: 00 54 22 77 90 43 06 67 69 42 02 93 01 74 05 61 11 76 60 43 
3860: 06 69 10 22 44 06 53 43 06 85 06 54 42 05 73 05 22 23 92 76 
3880: 10 71 60 85 92 76 69 53 43 01 42 06 85 06 54 42 05 76 61 01 
3900: 42 03 53 73 05 75 53 24 85 93 05 54 59 72 05 75 93 01 54 22 
3920: 77 97 22 67 87 01 94 49 03 76 87 43 03 87 01 88 94 76 88 74 
3940: 05 76 97 69 35 97 06 61 87 01 89 89 13 92 76 89 00 35 00 92 
3960: 76 25 47 29 58 09 00 92 76 15 47 58 00 42 09 01 42 08 53 06 
3980: 00 85 71 01 63 65 09 54 52 22 52 42 05 53 07 00 85 71 01 63 
4000: 65 02 00 54 88 42 03 04 42 00 43 03 42 04 99 92 76 11 53 24 
4020: 65 09 65 53 71 01 63 75 93 03 54 54 53 52 22 52 75 43 03 54 
4040: 94 42 03 99 22 77 01 25 53 24 75 01 00 00 54 77 01 38 69 35 
4060: 43 05 67 01 89 53 43 04 75 43 03 75 01 00 54 77 00 47 22 97 
4080: 00 01 73 94 92 53 06 85 71 01 63 54 52 22 52 61 01 40 02 94 
4100: 53 99 65 43 08 54 77 01 55 94 44 07 61 01 57 44 06 71 01 97 
4120: 61 00 33 07 22 23 36 13 71 70 43 09 92 53 01 00 00 75 43 03 
4140: 54 42 03 71 01 97 61 00 47 43 06 98 99 43 07 99 92 98 01 94 
4160: 49 08 92 76 11 32 01 61 00 25 76 12 32 02 61 00 25 76 13 32 
4180: 03 61 00 25 76 14 32 04 42 00 32 42 01 59 42 02 01 06 42 03 
4200: 00 42 04 05 42 05 43 03 32 43 02 22 77 00 67 32 22 44 02 53 
4220: 43 05 75 01 54 22 28 33 44 04 93 05 49 03 97 05 00 43 53 43 
4240: 04 65 43 01 22 59 65 01 00 00 54 84 00 43 01 92 76 15 69 05 
4260: 76 25 69 00 00 92 76 38 97 00 14 76 88 85 54 76 14 53 53 09 
4280: 13 65 05 54 58 02 52 02 85 00 13 55 01 00 00 54 22 52 92 76 
4300: 13 42 10 73 10 92 76 16 48 06 92 76 10 70 89 39 29 77 88 03 
4320: 00 42 09 53 48 07 85 01 06 42 00 32 01 06 54 33 37 22 37 42 
4340: 08 93 02 42 04 01 42 05 61 38 76 11 42 01 92 76 12 42 02 92 
4360: 76 15 53 02 65 05 13 54 22 44 07 00 16 29 67 89 53 24 65 05 
4380: 13 44 07 55 07 13 54 44 08 76 89 07 13 28 29 22 77 88 01 13 
4400: 67 14 53 53 24 55 05 00 00 54 65 53 24 85 35 65 07 13 33 75 
4420: 02 65 07 13 65 53 08 13 75 02 13 65 89 55 01 08 00 54 42 06 
4440: 39 54 54 34 53 53 42 09 28 94 75 01 54 29 77 88 85 01 54 77 
4460: 80 53 24 85 01 54 77 79 00 42 09 76 79 00 16 61 38 76 80 53 
4480: 05 13 75 04 13 54 29 67 30 42 05 76 30 01 16 29 77 38 01 94 
4500: 16 61 38 76 25 92 76 11 71 01 42 42 14 00 92 76 12 71 01 42 
4520: 53 42 10 75 43 14 54 42 00 53 53 53 43 10 94 55 07 54 59 65 
4540: 07 85 43 10 54 42 09 75 07 54 48 09 92 76 15 03 03 61 00 65 
4560: 76 14 02 08 61 00 65 76 13 02 03 53 35 65 43 00 65 03 06 00 
4580: 54 38 92 76 18 00 42 15 02 03 71 01 04 02 08 71 01 04 03 03 
4600: 71 01 04 53 43 15 55 03 54 92 29 42 16 53 53 53 35 65 43 00 
4620: 54 22 59 65 43 16 54 75 43 16 55 02 54 77 01 31 94 55 43 16 
4640: 65 02 00 00 54 44 15 92 53 42 11 29 22 59 22 44 11 65 04 22 
4660: 28 54 42 13 53 53 43 11 55 01 00 00 54 42 11 22 59 22 44 11 
4680: 65 01 00 00 54 42 12 53 03 06 05 65 43 13 85 43 12 85 03 01 
4700: 65 43 11 75 03 01 85 03 32 43 11 22 77 02 26 53 93 04 65 43 
4720: 11 85 02 93 03 54 59 94 85 01 44 13 01 22 44 13 53 43 13 55 
4740: 04 54 59 75 53 93 07 05 85 53 43 13 55 01 00 00 54 59 65 93 
4760: 07 05 54 59 54 92 76 10 36 01 71 25 22 97 09 02 81 43 09 42 
4780: 02 07 44 02 61 02 87 07 42 02 94 42 09 03 03 42 06 02 03 71 
4800: 03 32 01 07 42 06 02 08 71 03 32 02 04 42 06 03 03 71 03 32 
4820: 04 42 07 73 07 84 07 97 07 03 17 69 05 69 20 61 02 62 53 53 
4840: 71 00 65 85 01 54 65 09 54 58 00 88 58 09 42 05 00 42 07 43 
4860: 05 94 69 27 53 24 85 05 54 22 77 03 56 22 67 03 74 69 27 05 
4880: 53 53 24 75 01 54 22 28 33 42 08 65 43 06 54 42 05 53 53 73 
4900: 07 55 43 08 54 59 55 01 00 00 54 22 59 67 04 32 53 24 65 01 
4920: 00 00 65 43 08 54 22 74 07 53 05 00 65 43 08 54 42 05 43 05 
4940: 74 07 92 76 25 60 00 92 92 92 92 92 92 92 92 92 92 92 92 92 
4960: 92 92 92 92 92 92 92 92 92 92 92 92 92 92 92 92 92 92 92 92 
4980: 92 92 92 92 92 92 92 92 92 92 92 92 92 92 92 92 92 92 92 92