TMS0540 SECOND ROM Recorder Initialized
Datamath Calculator Museum June 2023
DUT: TMC0541NL ASP7749
MASTER LIBRARY MODULE -1-
(C) Texas Instruments 1977
-----------------------------------------------------------------
ADDR: BCD DATA
0000: 25 00 00 54 02 43 11 41 14 15 15 82 17 01 19 51 20 29 21 73 
0020: 22 91 24 14 26 09 27 64 29 52 30 95 32 31 33 63 34 80 36 51 
0040: 42 40 44 31 45 26 46 20 46 72 47 68 48 92 76 24 00 42 09 60 
0060: 58 09 76 25 29 06 42 01 00 72 01 97 01 00 15 92 76 95 71 24 
0080: 05 32 03 00 37 78 22 37 78 69 12 88 78 69 11 22 88 22 78 69 
0100: 14 53 24 75 36 15 71 88 54 52 22 52 32 03 07 07 93 02 05 08 
0120: 00 09 05 04 67 96 00 35 76 96 69 00 01 03 03 06 03 07 01 07 
0140: 03 05 69 04 03 00 69 03 69 05 01 99 92 76 11 98 99 62 00 11 
0160: 99 92 76 12 98 99 62 00 12 99 92 76 13 98 99 62 00 13 99 92 
0180: 76 14 98 99 62 00 14 99 92 76 15 98 99 62 00 15 99 92 76 16 
0200: 98 99 62 00 16 99 92 76 17 98 99 62 00 17 99 92 76 18 98 99 
0220: 62 00 18 99 92 76 19 98 99 62 00 19 99 92 76 10 98 99 62 00 
0240: 10 99 92 76 19 85 53 24 75 01 54 65 43 07 85 07 95 92 76 18 
0260: 61 08 11 01 22 44 01 43 07 22 44 02 92 22 97 05 00 51 75 01 
0280: 44 01 43 07 44 02 73 01 65 73 02 61 00 30 92 22 97 05 00 69 
0300: 75 71 00 20 73 01 65 73 02 61 00 52 92 76 11 42 07 99 98 92 
0320: 76 12 75 32 01 95 65 43 07 85 08 95 42 01 32 92 99 72 01 92 
0340: 32 01 44 01 32 61 00 93 76 13 43 07 42 05 85 33 85 07 95 42 
0360: 01 43 05 72 01 01 22 44 01 97 05 01 18 01 42 04 42 06 43 04 
0380: 85 07 95 42 03 75 43 07 75 08 95 42 05 43 04 19 42 02 73 02 
0400: 50 32 22 97 05 01 88 01 44 02 73 02 50 22 77 01 59 32 43 07 
0420: 85 43 05 85 08 95 42 03 61 01 59 43 03 32 43 04 85 07 95 67 
0440: 02 28 42 02 01 94 49 06 43 07 85 01 95 42 05 73 02 63 03 72 
0460: 02 43 07 44 02 44 03 97 05 02 12 43 04 19 42 01 73 01 49 06 
0480: 29 67 03 31 43 07 42 05 43 04 19 42 02 85 43 05 75 43 04 95 
0500: 42 03 73 03 55 73 02 95 42 01 72 03 43 07 44 02 44 03 33 85 
0520: 08 95 32 43 03 77 02 97 43 01 94 65 73 02 95 74 03 61 02 69 
0540: 01 22 44 05 43 05 32 43 04 67 03 12 61 02 45 01 44 04 43 07 
0560: 32 43 04 67 03 26 61 01 35 19 42 01 73 01 49 06 43 06 98 99 
0580: 98 92 68 68 68 68 68 68 68 68 68 68 68 76 14 42 05 92 42 03 
0600: 43 07 33 85 07 95 42 01 43 05 32 43 07 22 77 03 54 01 44 01 
0620: 73 01 22 67 03 74 43 07 44 01 01 44 05 43 03 72 01 99 92 61 
0640: 03 55 76 15 01 42 04 43 07 85 33 85 07 95 42 01 43 04 42 05 
0660: 75 43 07 85 07 95 42 02 00 71 00 30 85 01 44 01 73 01 95 72 
0680: 01 01 44 04 43 04 32 43 07 77 04 04 01 42 04 07 85 53 43 07 
0700: 85 01 54 33 95 42 01 75 43 07 75 43 04 42 05 95 42 02 00 71 
0720: 00 52 85 71 00 20 73 01 95 55 73 02 95 72 01 01 44 04 43 04 
0740: 32 43 07 77 04 52 98 01 92 76 16 85 32 07 85 43 07 65 53 24 
0760: 85 01 54 95 42 01 32 92 73 01 99 92 01 44 01 61 05 25 76 17 
0780: 01 42 04 43 04 19 95 42 01 73 01 35 72 01 01 44 04 43 04 32 
0800: 43 07 77 05 40 01 94 44 04 01 42 03 43 04 19 42 01 75 43 03 
0820: 42 05 95 42 02 73 01 65 73 02 94 71 00 52 95 65 71 00 20 73 
0840: 02 95 72 01 01 44 03 43 04 32 43 03 22 67 05 69 01 42 03 22 
0860: 44 04 43 04 32 01 22 67 05 69 43 04 19 42 01 85 43 03 42 05 
0880: 95 42 02 73 02 94 71 00 30 65 01 44 01 95 72 01 01 44 03 43 
0900: 03 32 43 07 75 43 04 95 77 06 27 01 44 04 42 03 43 07 32 43 
0920: 04 22 67 06 27 01 42 04 43 04 42 05 19 42 03 43 05 19 42 01 
0940: 43 03 42 02 43 07 75 43 05 85 01 95 48 05 32 73 03 94 71 00 
0960: 30 95 94 72 03 43 07 44 03 32 85 01 95 42 05 32 77 06 92 32 
0980: 43 04 67 08 08 85 01 95 42 05 43 04 19 85 01 95 42 03 43 05 
1000: 19 42 02 43 03 42 01 43 07 75 43 05 85 01 95 48 05 32 73 01 
1020: 65 73 02 94 71 00 30 95 94 72 03 01 44 03 85 32 95 42 05 32 
1040: 43 07 77 07 55 01 44 04 61 06 85 98 01 92 42 03 32 43 07 22 
1060: 77 08 10 85 42 05 33 85 07 95 42 01 00 42 04 73 01 67 08 45 
1080: 01 22 44 01 97 05 08 32 43 05 75 01 95 65 43 07 85 07 95 42 
1100: 01 32 92 01 44 01 44 04 73 01 99 92 43 04 32 43 07 22 67 08 
1120: 60 01 85 43 03 95 18 61 08 60 76 10 13 29 67 08 95 17 43 06 
1140: 92 76 11 48 04 48 03 43 04 98 99 92 76 12 75 32 01 95 65 43 
1160: 03 85 08 95 42 07 32 98 92 76 50 72 07 32 01 44 07 32 99 92 
1180: 61 50 76 13 85 32 43 04 75 01 95 65 43 03 85 08 95 42 07 32 
1200: 98 92 61 50 76 14 48 06 48 05 43 06 98 99 92 76 15 07 42 01 
1220: 85 53 43 03 65 43 04 54 42 07 95 42 02 76 33 01 44 01 44 02 
1240: 43 05 65 73 01 85 43 06 65 73 02 95 72 01 97 07 33 01 92 76 
1260: 16 12 92 76 45 73 07 99 92 01 44 07 61 45 76 17 85 32 43 03 
1280: 65 53 43 04 85 01 54 85 08 95 42 07 32 98 92 76 60 72 07 32 
1300: 01 44 07 32 99 92 61 60 76 18 43 03 75 32 08 95 94 42 01 76 
1320: 52 43 03 65 53 43 04 42 07 85 01 54 85 08 95 42 02 00 76 59 
1340: 85 43 03 44 01 01 44 02 73 01 65 73 02 97 07 59 95 48 03 44 
1360: 01 48 03 72 01 32 75 01 95 42 01 29 67 25 94 85 08 95 48 01 
1380: 32 61 52 76 25 01 92 76 19 85 32 07 85 43 03 65 43 04 95 42 
1400: 07 32 98 92 76 57 73 07 99 92 01 44 07 61 57 76 10 43 01 48 
1420: 03 42 01 43 02 48 04 42 02 00 92 76 11 29 70 48 02 48 01 43 
1440: 02 24 92 76 16 48 04 48 03 43 04 24 92 76 12 43 04 44 02 43 
1460: 02 32 43 03 44 01 43 01 92 76 17 01 94 49 03 49 04 12 92 76 
1480: 13 53 43 01 65 43 03 75 43 02 65 43 04 54 32 53 43 01 65 43 
1500: 04 85 43 02 65 43 03 54 42 02 32 42 01 92 76 18 01 94 49 04 
1520: 53 43 03 33 85 43 04 33 54 35 49 01 49 02 13 92 76 14 10 36 
1540: 05 12 29 67 10 36 05 16 13 36 05 17 92 76 19 36 05 16 10 36 
1560: 05 16 10 18 92 76 15 10 36 05 12 29 67 10 36 05 16 18 36 05 
1580: 17 92 76 10 53 53 43 02 22 23 85 35 54 55 02 54 70 92 76 11 
1600: 36 04 11 92 76 12 70 43 01 32 43 02 22 37 32 92 76 16 12 23 
1620: 42 01 32 42 02 32 92 76 17 70 43 01 22 23 32 43 02 37 42 02 
1640: 32 42 01 92 76 13 12 33 53 32 65 76 52 02 54 37 42 02 32 42 
1660: 01 92 76 14 12 34 53 32 55 61 52 76 15 01 42 03 00 42 04 36 
1680: 04 10 36 04 18 92 76 18 53 53 43 02 22 23 75 35 54 55 02 54 
1700: 92 76 16 70 53 53 43 01 85 01 54 33 85 43 02 33 54 34 92 76 
1720: 10 53 53 43 01 75 01 54 33 85 43 02 33 54 34 92 76 15 53 53 
1740: 16 85 10 54 55 02 85 53 52 22 52 33 75 01 54 34 54 23 92 76 
1760: 11 36 04 11 92 76 12 70 53 43 01 38 65 36 05 10 54 32 53 43 
1780: 01 39 65 36 05 18 54 42 02 32 42 01 92 76 13 70 53 43 01 39 
1800: 65 36 05 10 54 32 53 43 01 38 94 65 36 05 18 54 42 02 32 42 
1820: 01 92 76 14 43 01 42 03 43 02 42 04 13 36 04 10 12 36 04 18 
1840: 92 76 17 53 53 16 75 10 54 55 02 54 22 38 32 15 42 02 32 42 
1860: 01 92 76 18 53 53 16 75 10 54 55 02 54 22 39 32 15 94 42 02 
1880: 32 42 01 92 76 19 53 53 01 75 43 01 33 75 43 02 33 54 32 53 
1900: 02 65 43 01 54 22 37 55 02 54 32 53 53 53 43 01 33 85 53 43 
1920: 02 85 01 54 33 54 55 53 43 01 33 85 53 43 02 75 01 54 33 54 
1940: 54 23 55 04 54 42 02 32 42 01 92 76 11 42 04 99 92 76 12 53 
1960: 24 85 32 05 54 42 01 32 98 92 76 50 72 01 32 01 44 01 32 99 
1980: 92 61 50 76 13 98 99 42 03 53 43 04 42 02 85 05 54 42 01 01 
2000: 44 02 73 01 76 60 22 97 02 70 22 97 01 70 53 24 65 43 03 85 
2020: 73 01 54 61 60 76 70 99 92 76 11 42 01 92 76 12 53 42 02 75 
2040: 32 43 01 54 42 03 93 00 01 42 08 32 92 76 13 42 03 92 76 14 
2060: 42 08 92 76 15 53 24 43 02 32 43 01 77 50 42 04 85 43 03 54 
2080: 42 01 42 05 36 00 16 42 07 53 43 04 42 06 36 00 16 29 67 70 
2100: 65 48 07 54 77 15 76 80 53 53 43 04 85 43 05 54 55 02 54 42 
2120: 06 43 08 32 53 43 05 75 43 04 54 22 77 70 53 43 06 36 00 16 
2140: 65 43 07 54 29 67 70 77 45 43 06 42 05 61 80 76 45 43 06 42 
2160: 04 61 80 76 70 43 06 92 76 50 00 35 92 76 15 53 43 01 85 43 
2180: 05 65 43 03 54 92 76 11 42 01 92 76 12 42 02 92 76 13 53 50 
2200: 42 05 55 02 54 22 59 29 22 67 52 53 43 05 35 65 53 43 02 75 
2220: 43 01 54 54 42 03 92 76 52 00 35 92 76 14 15 36 00 16 42 04 
2240: 76 50 01 22 44 05 53 15 36 00 16 65 04 54 44 04 22 97 05 45 
2260: 53 15 36 00 16 65 02 54 44 04 61 50 76 45 15 36 00 16 44 04 
2280: 53 43 03 55 03 54 49 04 43 04 92 76 11 53 50 42 05 55 02 54 
2300: 42 02 22 59 29 22 67 52 43 05 99 92 76 52 00 35 92 76 12 42 
2320: 03 99 92 76 13 53 24 85 32 06 54 42 01 32 98 92 76 50 72 01 
2340: 32 01 44 01 32 99 92 61 50 76 14 53 43 05 85 06 54 42 01 73 
2360: 01 42 04 76 45 01 22 44 01 53 73 01 65 04 54 44 04 01 22 44 
2380: 01 22 97 02 33 53 73 01 65 02 54 44 04 61 45 76 33 73 01 44 
2400: 04 53 43 03 55 03 54 49 04 43 04 98 99 92 76 16 53 53 43 06 
2420: 33 85 43 01 33 75 43 02 33 54 55 02 55 43 06 55 43 01 54 22 
2440: 39 87 00 97 42 05 86 00 76 57 43 06 48 01 48 02 42 06 61 16 
2460: 76 97 87 01 68 42 04 86 01 61 57 76 68 42 03 87 02 90 76 10 
2480: 22 86 00 22 86 01 22 86 02 22 86 03 92 76 14 53 53 43 02 38 
2500: 65 43 01 55 43 06 54 22 52 52 22 52 22 38 52 22 52 42 04 94 
2520: 85 01 94 22 39 75 43 02 54 42 02 42 05 86 03 76 15 53 43 06 
2540: 33 85 43 01 33 75 02 65 43 06 65 43 01 65 43 02 39 54 34 87 
2560: 03 88 42 02 86 00 86 02 61 57 76 90 42 05 43 01 61 10 76 88 
2580: 42 02 61 10 76 17 43 04 92 76 18 43 05 92 76 11 42 06 92 76 
2600: 12 42 01 92 76 13 42 02 92 76 11 42 07 92 76 12 42 04 92 76 
2620: 13 42 05 92 76 16 53 01 94 22 39 75 43 04 75 43 05 54 42 03 
2640: 61 68 76 17 53 01 94 22 39 75 43 04 42 03 75 43 05 54 42 04 
2660: 86 00 76 68 53 43 07 65 43 04 38 55 43 03 38 54 42 01 53 43 
2680: 07 65 43 05 38 55 43 03 38 54 42 02 87 00 69 43 03 92 76 69 
2700: 43 04 22 86 00 92 76 14 43 01 92 76 15 43 02 92 76 18 53 53 
2720: 43 07 85 43 01 85 43 02 54 55 02 54 42 06 53 43 06 65 53 43 
2740: 06 75 43 07 54 65 53 43 06 75 43 01 54 65 53 43 06 75 43 02 
2760: 54 54 34 92 76 11 22 86 00 22 86 01 29 42 01 38 77 48 23 76 
2780: 48 43 01 92 76 12 22 86 00 22 86 01 29 42 02 77 88 23 43 02 
2800: 76 88 92 76 13 42 03 92 76 14 42 04 86 00 86 01 92 76 16 87 
2820: 00 57 53 43 03 55 43 02 54 42 01 92 76 57 70 53 53 43 04 55 
2840: 02 55 43 02 54 22 38 65 02 54 42 01 92 76 17 87 01 68 53 43 
2860: 03 55 43 01 54 42 02 92 76 68 53 71 69 35 65 43 04 54 42 02 
2880: 92 76 69 70 53 53 43 01 55 02 54 38 65 02 54 92 76 18 53 43 
2900: 01 65 43 02 54 92 76 19 71 69 65 43 02 54 92 76 15 53 43 02 
2920: 33 65 43 01 55 02 54 92 76 10 70 53 43 01 65 43 02 33 55 02 
2940: 75 43 02 33 55 02 65 43 01 38 54 92 76 11 22 86 01 29 77 87 
2960: 94 86 01 76 87 53 42 03 33 22 23 65 02 65 89 54 34 35 42 01 
2980: 92 76 12 93 02 03 01 06 04 01 09 49 03 01 44 03 43 03 35 53 
3000: 53 42 02 45 04 65 01 93 03 03 00 02 07 04 04 02 09 75 43 02 
3020: 45 03 65 01 93 08 02 01 02 05 05 09 07 08 85 43 02 45 02 65 
3040: 01 93 07 08 01 04 07 07 09 03 07 75 43 02 65 93 03 05 06 05 
3060: 06 03 07 08 02 85 93 03 01 09 03 08 01 05 03 54 65 43 02 65 
3080: 43 01 54 87 01 69 92 76 69 53 94 85 01 54 92 76 88 53 53 02 
3100: 04 02 09 08 65 43 09 85 09 09 09 09 01 54 55 01 09 09 00 01 
3120: 07 42 07 54 53 53 53 22 59 65 43 07 54 42 09 55 43 07 65 05 
3140: 22 28 54 59 55 05 22 28 54 92 76 13 71 88 53 24 65 53 43 11 
3160: 75 43 10 54 76 37 85 43 10 54 42 07 78 43 07 92 76 18 70 71 
3180: 88 42 08 71 88 53 53 24 65 02 65 89 54 39 65 53 43 08 23 65 
3200: 02 94 54 34 65 43 11 61 37 76 10 36 01 71 25 92 76 15 42 09 
3220: 92 76 11 42 10 92 76 12 42 11 92 76 13 29 67 79 76 89 43 01 
3240: 49 04 97 01 89 76 38 43 04 87 01 39 92 76 14 29 67 79 19 97 
3260: 02 14 61 38 76 15 29 67 79 19 43 02 22 49 04 97 02 15 61 38 
3280: 76 79 01 42 04 61 38 76 11 32 22 86 01 01 42 04 42 03 32 76 
3300: 17 29 77 87 86 01 50 76 87 72 03 32 73 03 59 67 88 86 01 76 
3320: 88 72 03 92 76 39 00 35 43 04 92 76 19 43 01 49 04 01 22 44 
3340: 01 92 76 12 32 02 42 03 32 17 32 43 01 77 30 00 35 92 76 30 
3360: 43 02 92 76 87 43 05 72 01 44 04 01 44 01 53 43 04 55 32 54 
3380: 92 76 12 42 05 87 01 89 01 44 03 43 03 32 43 02 77 87 06 42 
3400: 01 86 01 76 89 73 01 22 44 04 43 05 44 04 72 01 01 44 01 43 
3420: 01 32 53 43 02 85 05 54 77 77 06 42 01 76 77 53 43 04 55 43 
3440: 02 54 92 76 79 00 35 92 76 10 22 86 01 06 42 01 00 42 03 42 
3460: 04 92 76 11 29 67 79 22 77 79 42 02 32 43 02 59 22 67 79 92 
3480: 76 16 53 53 43 09 45 43 01 75 42 12 01 54 55 43 08 54 92 76 
3500: 17 53 16 65 43 09 54 92 76 18 53 16 55 43 12 54 92 76 19 18 
3520: 53 24 65 43 09 54 92 76 10 29 58 02 92 76 71 53 43 04 55 43 
3540: 03 54 92 76 25 53 71 71 23 55 43 09 23 54 42 01 92 76 11 67 
3560: 25 42 01 92 76 22 53 01 00 00 75 24 65 71 71 22 45 43 01 54 
3580: 94 67 15 76 12 67 22 76 15 42 02 53 24 55 01 00 00 85 42 08 
3600: 01 54 42 09 43 02 92 76 23 53 43 04 55 43 09 45 43 01 54 42 
3620: 03 92 76 13 67 23 42 03 92 76 24 53 43 03 65 43 09 45 43 01 
3640: 54 42 04 92 76 14 67 24 42 04 92 76 11 61 03 78 76 12 61 02 
3660: 92 76 13 61 04 43 76 14 61 05 01 76 15 61 05 39 01 42 09 07 
3680: 94 22 28 32 53 43 04 55 43 03 54 42 10 87 03 01 36 87 04 01 
3700: 36 53 24 55 43 01 33 75 43 10 35 54 42 08 44 09 36 18 16 42 
3720: 14 87 01 00 80 53 24 65 43 09 54 53 24 75 43 10 54 42 13 53 
3740: 43 14 55 43 08 75 43 01 65 43 12 55 43 09 55 43 08 54 87 01 
3760: 01 20 53 24 65 43 09 75 43 14 54 22 49 13 43 13 44 08 44 09 
3780: 50 77 00 65 61 02 80 53 43 05 55 43 03 85 42 14 43 01 49 14 
3800: 75 43 10 54 42 08 53 43 01 85 33 55 02 85 43 14 55 43 01 54 
3820: 87 03 01 84 53 43 11 85 33 55 02 85 43 14 54 22 49 08 43 08 
3840: 44 09 36 18 18 42 06 87 03 02 06 53 24 65 43 09 54 53 24 85 
3860: 43 14 55 43 01 55 43 12 75 43 10 54 42 13 53 43 06 55 43 08 
3880: 75 43 01 55 43 12 55 43 09 55 43 08 54 87 03 02 55 53 24 65 
3900: 43 09 85 43 06 54 53 24 85 43 14 55 43 12 55 43 09 54 22 49 
3920: 13 43 13 44 08 44 09 50 77 01 91 53 43 08 65 01 00 00 54 29 
3940: 67 02 95 67 00 25 58 04 36 18 15 92 68 43 03 42 11 42 10 43 
3960: 09 87 02 03 19 87 04 03 19 01 49 11 49 10 53 43 04 65 43 08 
3980: 54 87 01 03 54 87 02 03 54 94 44 10 53 43 05 65 43 08 54 94 
4000: 44 11 61 03 56 44 11 43 11 23 42 11 43 10 23 94 44 11 43 09 
4020: 23 35 49 11 43 11 67 03 81 67 03 01 42 01 94 42 11 94 58 09 
4040: 68 92 68 87 01 04 22 87 02 04 16 87 03 04 10 36 18 19 61 04 
4060: 25 36 18 18 61 04 25 36 18 17 61 04 25 36 18 16 53 24 55 53 
4080: 43 04 75 43 05 55 43 12 54 54 35 67 04 46 67 03 91 42 03 58 
4100: 02 68 92 68 87 01 04 83 87 02 04 77 87 03 04 71 36 18 19 61 
4120: 04 86 36 18 18 61 04 86 36 18 17 61 04 86 36 18 16 53 24 65 
4140: 43 03 85 43 05 55 43 12 54 67 05 04 67 04 52 42 04 58 02 68 
4160: 92 68 36 18 19 87 04 05 21 36 18 18 53 53 24 65 43 03 75 43 
4180: 04 54 94 65 43 12 54 67 05 42 67 05 10 42 05 58 02 68 92 76 
4200: 16 86 01 92 76 17 86 02 92 76 18 86 03 92 76 19 86 04 92 76 
4220: 10 22 86 01 22 86 02 22 86 03 22 86 04 00 42 05 58 09 29 92 
4240: 76 78 53 93 04 65 43 01 85 02 93 03 54 59 94 85 61 77 76 79 
4260: 00 35 92 76 10 53 42 01 29 22 77 79 22 59 22 44 01 65 04 22 
4280: 28 54 42 03 32 01 05 08 01 77 79 03 02 32 53 53 43 01 55 01 
4300: 00 00 54 42 01 22 59 22 44 01 65 01 00 00 54 42 02 77 79 01 
4320: 03 32 43 01 77 79 53 03 06 05 65 43 03 85 43 02 85 03 01 65 
4340: 43 01 75 03 01 85 03 32 43 01 77 78 01 22 44 03 76 77 53 43 
4360: 03 55 04 54 59 75 53 93 07 05 85 53 43 03 55 01 00 00 54 59 
4380: 65 93 07 05 54 59 54 92 76 11 10 42 04 00 92 76 12 10 42 05 
4400: 00 92 76 13 53 43 05 75 43 04 54 92 76 14 53 53 10 42 01 94 
4420: 55 07 54 59 65 07 85 43 01 54 92 76 13 32 01 44 04 53 32 75 
4440: 43 03 54 42 05 53 35 50 65 43 05 54 92 76 18 94 76 17 32 01 
4460: 22 44 02 53 02 45 43 02 85 32 54 50 92 76 12 53 36 15 71 88 
4480: 65 01 00 02 03 85 01 54 59 42 03 00 42 04 92 76 14 24 43 04 
4500: 92 76 16 09 42 02 05 01 02 98 92 76 19 53 01 00 75 43 02 54 
4520: 92 76 11 42 09 92 76 10 87 00 45 05 61 44 76 45 06 76 44 42 
4540: 10 73 10 92 76 13 94 76 12 53 24 85 10 54 72 10 92 76 11 10 
4560: 92 76 16 22 76 17 86 00 58 02 92 76 18 42 07 92 76 19 53 35 
4580: 65 43 07 54 29 36 18 12 92 76 14 29 36 18 11 43 06 42 03 29 
4600: 36 18 71 24 42 06 92 76 15 87 00 34 42 05 92 76 34 42 06 92 
4620: 76 12 53 88 85 76 15 43 01 54 53 24 85 53 24 55 50 54 24 65 
4640: 05 94 22 28 54 22 88 58 04 92 76 13 53 24 65 61 15 76 14 53 
4660: 35 65 61 15 76 11 58 09 88 42 01 92 76 11 53 24 65 02 93 05 
4680: 04 54 92 76 12 53 24 65 93 03 00 04 08 54 92 76 13 53 24 65 
4700: 93 09 01 04 04 54 92 76 14 53 24 65 01 93 06 00 09 03 04 04 
4720: 54 92 76 15 53 24 65 93 08 06 08 09 07 06 02 04 54 92 76 16 
4740: 35 11 35 92 76 17 35 12 35 92 76 18 35 13 35 92 76 19 35 14 
4760: 35 92 76 10 35 15 35 92 76 11 53 53 24 75 03 02 54 65 05 55 
4780: 09 54 92 76 12 53 24 65 93 00 02 09 05 07 03 05 02 09 06 54 
4800: 92 76 13 53 24 65 03 93 07 08 05 04 01 01 07 08 04 54 92 76 
4820: 14 53 24 65 02 08 93 03 04 09 05 02 03 01 03 54 92 76 15 53 
4840: 24 65 93 04 05 03 05 09 02 03 07 54 92 76 16 53 24 65 01 93 
4860: 08 85 03 02 54 92 76 17 35 12 35 92 76 18 35 13 35 92 76 19 
4880: 35 14 35 92 76 10 35 15 35 92 61 11 92 92 92 92 92 92 92 92 
4900: 92 92 92 92 92 92 92 92 92 92 92 92 92 92 92 92 92 92 92 92 
4920: 92 92 92 92 92 92 92 92 92 92 92 92 92 92 92 92 92 92 92 92 
4940: 92 92 92 92 92 92 92 92 92 92 92 92 92 92 92 92 92 92 92 92 
4960: 92 92 92 92 92 92 92 92 92 92 92 92 92 92 92 92 92 92 92 92 
4980: 92 92 92 92 92 92 92 92 92 92 92 92 92 92 92 92 92 92 92 92