TMS0540 SECOND ROM Recorder Initialized
Datamath Calculator Museum August 2023
DUT: TMC0542NL BSP7901
APPLIED STATISTICS MODULE -2-
(C) Texas Instruments 1977
-----------------------------------------------------------------
ADDR: BCD DATA
0000: 22 00 00 48 01 59 03 00 07 63 10 45 13 21 15 72 17 58 19 12 
0020: 19 91 22 07 22 56 24 51 26 03 28 59 29 70 31 48 34 87 37 55 
0040: 39 14 40 66 44 47 48 47 76 24 00 42 09 60 58 09 76 25 29 06 
0060: 42 01 00 72 01 97 01 00 15 92 76 95 71 24 22 57 05 32 03 00 
0080: 37 78 22 37 78 69 12 88 78 69 11 22 88 22 78 69 14 53 24 75 
0100: 36 02 71 88 54 52 22 52 32 03 07 07 93 02 05 08 00 09 05 04 
0120: 67 96 00 35 76 96 58 09 69 00 03 06 03 07 01 03 03 07 02 04 
0140: 69 03 03 06 03 07 02 04 01 05 03 06 69 04 69 05 02 99 92 76 
0160: 88 53 53 02 04 02 09 08 65 43 09 85 09 09 09 09 01 54 55 01 
0180: 09 09 00 01 07 42 10 54 53 53 53 22 59 65 43 10 54 42 09 55 
0200: 43 10 65 05 22 28 54 59 55 05 22 28 54 92 76 13 71 88 53 24 
0220: 65 53 43 13 75 43 12 54 85 43 12 54 42 10 99 78 43 10 92 76 
0240: 14 70 71 88 42 11 71 88 53 53 24 65 02 65 89 54 39 65 53 43 
0260: 11 23 65 02 94 54 34 65 43 13 61 00 69 76 10 36 01 71 25 98 
0280: 92 76 15 42 09 99 92 76 11 42 12 99 92 76 12 42 13 99 98 92 
0300: 76 15 36 07 10 01 42 10 42 11 22 86 00 22 86 05 22 86 06 92 
0320: 76 10 36 04 10 00 42 00 71 00 05 92 76 65 53 42 09 65 43 10 
0340: 54 44 04 53 43 09 33 65 43 10 65 44 05 43 09 65 44 07 43 09 
0360: 54 44 08 92 24 00 22 86 07 61 01 60 99 72 31 02 44 31 61 01 
0380: 36 53 43 18 65 43 09 54 44 15 53 43 18 75 43 09 54 44 16 61 
0400: 01 46 42 12 61 02 24 42 13 61 02 32 76 11 42 18 87 06 00 72 
0420: 73 30 69 19 87 07 04 57 43 18 99 72 30 01 44 30 87 00 00 81 
0440: 43 18 42 12 42 13 43 18 71 65 53 43 09 35 69 19 87 07 00 64 
0460: 65 43 10 54 44 17 53 43 09 45 43 10 54 69 18 87 07 02 02 24 
0480: 42 00 53 53 43 10 55 02 54 22 59 85 01 54 48 00 22 97 00 02 
0500: 02 94 49 11 22 86 07 24 43 10 44 03 01 44 29 43 12 32 43 09 
0520: 22 77 01 02 43 13 32 43 09 77 01 07 53 53 43 12 85 43 13 54 
0540: 55 02 54 42 14 86 00 43 29 92 76 12 42 10 42 18 23 69 19 87 
0560: 07 04 39 73 31 69 19 87 07 04 57 43 10 87 05 02 80 01 44 31 
0580: 43 10 98 99 72 31 01 22 44 31 86 06 43 10 92 36 04 71 23 43 
0600: 09 92 76 16 42 09 87 06 02 95 76 28 32 53 43 30 75 03 01 42 
0620: 26 54 42 00 73 26 67 03 39 01 44 26 97 00 03 24 00 35 92 01 
0640: 22 44 30 43 30 32 53 43 26 85 01 54 42 00 43 26 67 03 69 73 
0660: 00 72 26 01 44 26 61 03 46 01 22 44 29 43 09 92 76 17 42 10 
0680: 92 76 14 32 42 06 73 30 11 43 06 32 43 30 67 04 03 32 42 06 
0700: 61 03 86 22 86 05 43 29 92 76 19 32 42 06 86 05 01 44 31 73 
0720: 31 12 73 31 11 43 06 32 43 31 67 04 03 32 42 06 61 04 16 00 
0740: 35 22 86 07 92 76 13 36 07 14 92 76 18 36 04 14 92 43 18 22 
0760: 86 07 92 76 11 42 09 42 10 73 31 69 19 87 07 02 76 01 42 10 
0780: 43 09 99 72 31 36 03 71 65 01 44 15 44 29 44 31 43 29 92 76 
0800: 12 42 10 73 31 69 19 87 07 02 76 43 10 99 72 31 44 01 53 43 
0820: 10 33 65 44 02 43 10 65 44 16 43 10 54 44 17 53 43 09 65 43 
0840: 10 65 44 06 43 09 54 44 11 53 43 09 75 43 10 54 44 12 33 44 
0860: 13 53 24 55 43 10 54 69 19 87 07 01 22 44 14 01 44 03 44 28 
0880: 44 31 43 28 92 24 00 22 86 07 61 01 12 76 10 14 76 48 03 69 
0900: 17 43 00 47 42 00 06 69 17 98 00 92 76 16 42 09 92 76 17 42 
0920: 10 76 23 32 53 43 31 75 03 03 42 26 54 42 00 43 10 32 73 26 
0940: 67 01 90 02 44 26 97 00 01 72 00 35 92 01 22 44 26 43 09 32 
0960: 73 26 67 02 08 01 44 26 61 01 80 02 22 44 31 43 31 32 53 43 
0980: 26 85 02 54 42 00 43 26 67 02 38 73 00 72 26 01 44 26 61 02 
1000: 15 01 22 44 28 22 44 29 43 10 92 76 19 73 31 11 73 31 12 43 
1020: 31 67 02 63 61 19 43 29 92 76 14 43 31 32 03 02 42 31 92 43 
1040: 10 22 86 07 92 76 11 42 09 53 73 32 85 02 54 42 14 43 14 69 
1060: 18 87 07 00 23 43 09 92 22 86 07 43 09 98 99 72 32 44 04 33 
1080: 44 05 01 44 03 44 29 44 32 43 29 92 76 12 99 72 32 42 10 44 
1100: 01 33 44 02 53 43 09 65 43 10 54 44 06 01 44 28 44 32 43 28 
1120: 92 76 13 99 72 32 42 08 44 07 33 44 13 53 43 09 65 43 08 54 
1140: 44 11 53 43 10 65 43 08 54 44 12 01 44 27 44 32 43 27 92 76 
1160: 10 14 36 04 71 48 92 76 16 42 09 92 76 17 42 10 92 76 18 42 
1180: 08 32 53 43 32 75 03 05 42 26 54 42 00 43 08 32 73 26 67 01 
1200: 66 03 44 26 97 00 01 48 00 35 92 01 22 44 26 43 10 32 73 26 
1220: 67 01 84 01 44 26 61 01 56 01 22 44 26 43 09 32 73 26 67 02 
1240: 02 02 44 26 61 01 56 03 22 44 32 43 32 32 53 43 26 85 03 54 
1260: 42 00 43 26 67 02 32 73 00 72 26 01 44 26 61 02 09 01 22 44 
1280: 27 22 44 28 22 44 29 43 08 92 76 19 73 32 11 73 32 12 73 32 
1300: 13 43 32 67 02 63 61 19 43 29 92 76 14 43 32 32 03 03 42 32 
1320: 92 76 11 32 73 30 69 18 87 07 00 13 32 92 22 86 07 32 87 00 
1340: 00 41 99 72 30 44 04 42 08 33 44 05 01 44 03 44 29 44 30 43 
1360: 29 92 29 71 00 21 53 24 75 01 85 01 02 54 48 08 74 08 48 08 
1380: 53 43 28 85 43 02 85 01 02 54 48 08 74 08 53 43 29 75 43 02 
1400: 54 77 00 86 43 29 92 98 01 44 28 53 43 28 75 43 01 54 22 77 
1420: 01 04 43 29 92 43 29 32 42 29 32 92 79 32 42 06 69 11 32 42 
1440: 07 43 06 99 92 76 17 87 00 01 11 98 01 44 28 43 03 44 09 43 
1460: 04 44 01 43 05 44 02 79 32 42 06 53 33 65 43 03 54 44 10 69 
1480: 11 32 42 07 00 42 03 42 04 42 05 42 29 43 06 99 92 76 18 43 
1500: 07 99 98 92 76 12 42 01 99 92 76 13 42 02 99 92 76 10 36 07 
1520: 71 30 22 86 00 92 76 15 10 86 00 92 76 16 42 09 36 03 71 28 
1540: 92 76 19 32 42 11 73 30 11 43 11 32 43 30 67 02 42 32 42 11 
1560: 61 02 25 43 29 92 76 14 36 07 14 92 76 11 42 18 73 30 69 18 
1580: 87 07 00 15 43 18 92 22 86 07 43 18 99 72 30 29 53 43 19 65 
1600: 43 02 85 43 01 75 43 18 54 23 69 19 87 07 00 54 53 43 18 75 
1620: 43 01 54 77 00 60 00 35 22 86 07 92 53 53 53 24 55 43 02 54 
1640: 59 75 43 19 54 77 00 54 85 43 19 85 06 54 42 00 53 01 44 29 
1660: 44 30 74 00 44 03 65 43 18 65 44 04 43 18 54 44 05 00 42 00 
1680: 43 29 92 76 10 00 42 00 76 30 14 36 04 71 48 92 76 12 42 19 
1700: 99 92 76 17 42 01 99 92 76 13 42 02 99 92 76 19 32 42 28 73 
1720: 30 11 43 28 32 43 30 67 01 64 32 42 28 61 01 47 43 29 92 76 
1740: 16 42 09 36 03 71 28 92 76 14 43 30 32 03 01 42 30 92 76 11 
1760: 98 79 32 99 92 76 12 53 43 11 22 45 43 03 54 99 92 76 13 53 
1780: 43 03 55 43 17 54 99 92 76 14 98 53 43 21 33 35 65 43 19 54 
1800: 99 92 76 15 53 53 43 21 65 33 54 34 54 53 35 65 43 20 54 99 
1820: 92 76 16 98 53 79 32 33 94 85 53 43 05 55 43 03 54 54 42 21 
1840: 99 92 53 43 07 55 43 03 75 03 65 79 32 65 43 05 55 43 03 85 
1860: 79 32 65 33 65 02 54 42 20 99 92 53 43 08 55 43 03 75 04 65 
1880: 79 32 65 43 07 55 43 03 85 06 65 79 32 33 65 43 05 55 43 03 
1900: 75 03 65 79 32 33 33 54 42 19 99 92 76 58 29 01 44 00 44 20 
1920: 53 43 19 75 43 00 54 77 00 21 01 42 00 73 20 44 21 92 76 59 
1940: 53 43 02 65 43 00 85 43 01 54 92 76 11 79 32 99 92 76 16 22 
1960: 79 24 32 99 98 92 76 12 71 58 99 92 76 13 71 59 99 98 92 76 
1980: 10 05 42 20 00 42 00 42 21 98 92 76 15 19 12 42 29 06 42 18 
2000: 00 42 20 42 00 98 92 76 10 19 17 61 00 04 76 19 53 43 01 42 
2020: 04 85 43 02 65 43 19 54 42 05 92 76 11 14 12 53 24 55 43 29 
2040: 65 43 03 54 18 99 92 76 16 14 17 61 00 44 53 43 01 85 43 00 
2060: 65 43 02 54 92 76 14 71 00 63 42 04 69 20 71 00 63 42 05 92 
2080: 76 12 93 02 42 27 53 53 43 05 75 43 04 54 49 27 65 05 42 05 
2100: 53 43 04 36 00 16 85 43 27 44 04 02 65 97 05 01 10 43 04 36 
2120: 00 16 55 02 54 54 92 76 17 53 43 05 75 43 04 54 42 05 53 43 
2140: 04 36 00 16 85 69 24 43 04 97 05 01 50 00 54 92 76 18 53 53 
2160: 42 28 75 73 18 54 33 55 43 28 54 44 20 01 44 18 43 28 92 76 
2180: 13 43 20 42 14 53 43 19 75 01 54 36 21 11 43 14 36 21 13 53 
2200: 94 85 01 54 98 99 92 76 11 87 02 00 16 87 01 00 11 22 23 36 
2220: 03 11 92 36 00 16 61 00 12 76 16 22 86 01 22 86 02 92 76 17 
2240: 16 86 01 92 76 18 16 86 02 92 76 10 36 03 15 92 76 11 61 00 
2260: 50 76 12 61 00 76 76 14 61 00 95 76 15 61 01 39 76 16 22 86 
2280: 01 22 86 02 22 86 03 92 76 17 16 86 01 92 76 18 16 86 02 92 
2300: 76 19 16 86 03 92 87 03 00 70 87 02 00 66 87 01 00 66 36 04 
2320: 11 92 23 61 00 62 36 00 16 61 00 62 87 03 00 89 87 02 00 85 
2340: 23 36 04 12 92 36 00 17 61 00 85 87 03 01 38 87 02 01 35 87 
2360: 01 01 23 53 24 65 69 12 32 54 53 22 23 65 32 22 23 54 92 53 
2380: 24 45 69 12 32 65 32 22 23 54 92 23 69 14 92 87 03 01 68 87 
2400: 02 01 69 53 23 75 69 12 68 54 53 24 55 69 12 32 54 22 87 01 
2420: 01 68 22 23 92 69 15 22 23 92 76 10 36 04 10 92 76 13 69 12 
2440: 87 02 01 94 87 03 01 94 22 23 92 76 11 53 43 12 55 43 03 54 
2460: 42 26 53 53 43 13 75 43 12 33 55 43 03 54 55 53 43 03 75 01 
2480: 54 42 25 54 34 42 27 53 43 03 34 65 43 26 55 43 27 54 98 99 
2500: 92 53 43 04 55 43 15 54 92 76 16 42 24 53 43 15 85 43 03 75 
2520: 02 54 42 25 53 53 43 05 75 43 15 65 71 00 50 33 85 43 02 75 
2540: 43 03 65 79 33 54 55 43 25 54 34 42 23 53 53 43 15 35 85 43 
2560: 03 35 54 34 65 43 23 54 53 35 65 53 71 00 50 75 79 75 43 24 
2580: 54 54 98 99 92 76 12 43 25 99 92 76 13 43 26 99 92 76 14 43 
2600: 27 99 92 76 11 61 00 62 76 12 61 01 23 76 13 61 00 46 76 14 
2620: 61 00 41 76 15 61 00 36 76 10 03 00 42 29 00 42 57 01 92 99 
2640: 42 59 98 92 99 42 58 98 92 53 53 43 58 75 01 54 65 53 43 59 
2660: 75 01 54 54 92 99 72 29 44 57 01 44 29 53 53 43 29 75 02 09 
2680: 54 55 43 59 54 53 22 59 65 43 59 54 52 22 52 29 67 00 97 92 
2700: 43 59 92 53 43 29 75 02 09 75 43 58 65 43 59 54 92 43 59 42 
2720: 27 02 09 42 29 92 53 43 58 85 43 59 54 42 28 00 72 28 01 22 
2740: 44 28 43 28 29 22 67 01 32 71 01 14 01 44 27 00 42 28 01 44 
2760: 28 44 29 73 29 74 28 74 27 53 43 28 75 43 59 54 22 67 01 55 
2780: 71 01 00 22 67 01 49 01 94 42 26 71 01 14 01 44 27 00 42 28 
2800: 01 44 28 44 29 53 73 29 33 55 73 28 55 73 27 54 44 26 53 43 
2820: 28 75 43 59 54 22 67 01 97 71 01 00 22 67 01 91 53 43 26 65 
2840: 43 57 54 92 76 17 71 00 46 36 21 11 71 02 33 36 21 13 92 76 
2860: 11 53 53 43 01 33 55 43 09 54 94 42 11 85 43 02 54 42 12 53 
2880: 43 11 85 43 10 54 53 42 08 94 85 43 12 54 42 13 53 43 28 75 
2900: 01 54 42 14 53 43 08 55 43 14 54 42 15 53 43 09 75 43 28 54 
2920: 42 16 53 43 13 55 43 16 54 42 17 53 35 65 43 15 54 99 92 76 
2940: 12 43 14 99 92 76 17 43 16 99 92 76 13 43 13 98 99 92 76 14 
2960: 43 08 99 92 76 15 43 12 99 92 76 12 29 01 02 42 29 53 73 29 
2980: 55 43 01 75 43 06 54 33 44 09 71 00 37 77 00 29 61 00 07 43 
3000: 01 49 09 43 09 99 92 01 44 29 53 43 29 75 01 02 75 43 02 54 
3020: 92 76 17 53 73 29 55 43 02 75 43 06 54 33 44 10 71 00 37 53 
3040: 24 75 43 01 54 77 00 80 61 17 43 02 49 10 43 10 99 98 92 53 
3060: 53 43 01 75 01 54 65 43 09 65 53 43 08 75 43 09 75 43 10 54 
3080: 35 54 99 92 76 13 71 00 89 92 76 18 43 09 48 10 42 09 43 01 
3100: 48 02 42 01 43 11 71 00 89 92 76 14 53 43 02 75 01 54 99 92 
3120: 53 24 65 53 43 01 75 01 54 54 42 11 99 98 92 76 11 53 43 07 
3140: 65 43 03 54 42 08 99 92 76 11 98 29 03 02 42 27 43 15 42 30 
3160: 71 00 35 43 15 44 27 43 03 67 03 37 42 30 71 00 35 00 42 25 
3180: 42 26 92 43 27 42 25 44 30 61 00 89 53 43 25 85 01 54 42 26 
3200: 53 73 26 75 73 25 54 77 00 68 73 26 63 25 72 26 01 44 26 53 
3220: 43 26 75 43 30 54 22 77 00 52 73 25 66 99 01 44 25 53 43 25 
3240: 75 43 30 85 01 54 22 77 00 44 73 25 66 99 98 92 76 12 53 43 
3260: 15 85 03 02 42 23 54 42 24 73 23 42 27 01 42 30 53 73 24 75 
3280: 43 27 54 22 77 01 70 71 01 96 73 23 42 27 53 43 23 75 03 02 
3300: 75 43 15 54 22 77 01 28 71 02 06 22 77 01 60 61 02 29 71 02 
3320: 06 22 77 01 28 53 43 23 75 03 02 75 43 15 54 77 02 29 71 01 
3340: 96 61 01 77 43 30 44 25 01 44 30 44 23 92 43 30 44 26 01 44 
3360: 30 44 24 53 43 24 75 03 02 75 43 15 75 43 03 54 92 53 53 43 
3380: 15 65 43 03 55 02 54 42 23 55 06 65 53 43 15 85 43 03 85 01 
3400: 54 54 42 24 43 25 99 92 53 43 15 65 43 03 75 43 25 85 43 15 
3420: 33 55 02 85 43 15 55 02 54 92 76 13 71 02 60 99 92 76 14 53 
3440: 53 71 02 60 75 43 23 54 55 43 24 34 54 99 98 92 76 17 43 26 
3460: 42 25 43 15 48 03 42 15 43 25 99 92 76 15 43 23 99 92 76 10 
3480: 43 24 99 98 92 00 92 76 11 22 86 07 53 43 03 65 43 05 75 43 
3500: 04 33 54 53 42 14 65 53 43 03 65 43 02 75 43 01 33 54 42 15 
3520: 75 53 43 03 65 43 06 75 43 04 65 43 01 54 42 16 33 54 35 69 
3540: 19 87 07 02 66 42 22 53 43 03 65 43 11 75 43 04 65 43 07 54 
3560: 42 17 53 43 22 65 53 43 14 65 53 43 03 65 43 12 75 43 01 65 
3580: 43 07 54 42 18 75 53 43 16 65 43 17 54 54 54 42 21 53 53 24 
3600: 65 43 16 94 85 43 17 54 55 43 14 54 42 20 53 53 24 65 43 04 
3620: 94 85 43 07 75 43 21 65 43 01 54 55 43 03 54 42 19 99 92 76 
3640: 12 43 20 99 92 76 13 43 21 99 92 76 14 53 43 03 65 43 13 75 
3660: 43 07 33 54 42 23 53 53 43 17 33 55 43 14 55 43 23 75 02 65 
3680: 43 17 65 43 18 65 43 16 55 43 23 55 43 14 55 43 15 85 43 18 
3700: 33 55 43 23 55 43 15 54 55 53 01 75 43 16 33 55 43 14 55 43 
3720: 15 54 54 98 99 92 76 16 42 09 98 99 92 76 17 99 53 24 65 43 
3740: 21 85 43 09 65 43 20 85 43 19 54 99 92 00 92 76 11 53 33 22 
3760: 23 65 02 65 89 54 34 35 92 53 50 65 93 02 03 01 06 04 01 09 
3780: 85 01 54 35 53 42 25 49 25 42 26 65 93 03 01 09 03 08 01 05 
3800: 03 75 93 03 05 06 05 06 03 07 08 02 65 43 25 49 26 85 01 93 
3820: 07 08 01 04 07 07 09 03 07 65 43 26 75 01 93 08 02 01 02 05 
3840: 05 09 07 08 65 43 25 49 26 33 85 01 93 03 03 00 02 07 04 04 
3860: 02 09 65 43 26 54 92 76 12 29 77 01 37 42 25 11 53 24 65 43 
3880: 25 71 00 14 54 92 76 13 29 77 01 18 71 01 18 53 94 85 01 54 
3900: 92 76 14 71 01 18 53 94 65 02 85 01 54 92 76 11 61 00 48 76 
3920: 12 61 00 53 76 13 61 00 65 76 14 61 01 27 76 15 61 01 33 76 
3940: 16 53 43 21 65 43 22 54 92 76 17 71 00 27 53 24 65 43 23 54 
3960: 34 92 59 50 42 21 92 53 42 22 94 85 01 54 42 23 43 22 92 29 
3980: 22 77 01 43 32 42 24 01 94 42 25 53 43 23 45 43 21 54 42 26 
4000: 44 24 01 44 25 43 25 77 01 24 53 43 26 65 43 22 65 53 43 21 
4020: 75 43 25 54 55 53 43 25 85 01 54 55 43 23 54 61 00 84 43 26 
4040: 92 71 00 65 43 24 92 71 00 65 53 01 75 43 24 54 92 53 43 21 
4060: 85 01 54 61 00 65 76 15 61 02 09 76 14 61 01 76 76 13 61 01 
4080: 23 76 12 61 00 97 76 11 53 42 15 55 02 85 42 20 42 17 93 05 
4100: 54 42 21 29 22 59 67 00 57 53 89 34 55 02 54 42 18 01 42 19 
4120: 61 00 64 89 34 42 19 01 42 18 01 32 43 20 67 00 92 22 77 00 
4140: 92 01 94 44 20 44 21 43 20 49 19 43 21 49 18 61 00 66 43 19 
4160: 49 17 92 53 53 42 16 55 02 54 45 43 15 55 43 16 22 23 54 53 
4180: 34 55 43 16 55 43 19 54 92 71 00 97 53 24 65 02 55 43 15 42 
4200: 20 65 43 16 54 42 23 01 42 21 42 22 32 53 43 16 55 02 44 20 
4220: 43 20 54 49 21 43 21 44 22 43 22 22 67 01 46 53 24 65 43 23 
4240: 54 92 53 53 33 55 43 15 85 01 54 45 53 43 15 85 01 54 65 43 
4260: 15 65 89 54 53 34 65 43 19 55 43 18 54 35 92 53 24 55 43 15 
4280: 34 54 70 22 30 42 16 39 42 20 42 23 33 42 21 53 43 15 55 02 
4300: 54 22 59 29 67 03 19 01 32 43 15 67 03 14 53 43 15 75 02 54 
4320: 32 42 22 42 24 67 02 95 53 43 21 65 01 44 22 43 22 55 01 44 
4340: 22 43 22 54 53 49 24 43 24 65 43 20 54 44 23 43 22 22 67 02 
4360: 62 53 43 16 85 38 65 43 23 54 53 24 65 02 55 89 54 61 03 72 
4380: 43 16 61 03 04 53 43 15 75 02 54 32 01 42 20 42 22 00 42 23 
4400: 43 23 67 03 64 53 43 21 65 01 44 23 43 23 55 01 44 23 43 23 
4420: 54 49 22 43 22 44 20 61 03 34 53 43 20 65 43 16 38 54 53 24 
4440: 55 02 85 93 05 54 92 76 13 61 00 52 76 12 61 00 32 76 11 22 
4460: 86 01 53 42 15 55 02 54 22 59 29 67 00 29 86 01 43 15 92 22 
4480: 86 02 53 42 16 55 02 54 22 59 29 67 00 49 86 02 43 16 92 42 
4500: 17 87 01 01 60 87 02 00 70 43 16 32 43 15 77 01 64 43 15 42 
4520: 18 43 16 42 19 42 25 71 01 46 42 20 94 42 21 53 43 18 55 02 
4540: 54 32 01 44 21 42 22 42 23 42 24 43 22 77 01 34 53 35 65 43 
4560: 21 65 43 19 55 02 44 19 54 49 23 01 44 22 43 23 44 24 61 01 
4580: 04 53 43 20 34 45 43 25 65 43 24 54 92 53 43 15 55 43 16 65 
4600: 43 17 85 01 54 35 92 87 02 01 97 43 16 42 18 43 15 42 19 42 
4620: 25 71 01 46 42 21 94 42 20 01 44 20 22 44 21 71 00 88 53 94 
4640: 85 01 54 92 53 24 65 43 15 55 43 16 54 34 70 22 30 42 17 38 
4660: 42 20 43 17 39 42 21 42 22 42 23 01 42 24 42 25 32 43 16 67 
4680: 02 81 53 24 75 02 54 32 43 25 67 02 73 53 43 21 33 65 43 24 
4700: 65 02 44 25 55 43 25 54 49 23 43 23 44 22 01 44 24 61 02 41 
4720: 43 20 49 22 43 22 44 17 01 42 22 01 42 24 32 43 15 67 03 87 
4740: 43 16 67 03 21 42 23 01 22 44 23 43 23 49 24 01 22 44 23 43 
4760: 23 22 49 24 22 67 03 00 53 43 21 45 43 16 65 43 20 54 49 24 
4780: 43 15 32 53 43 16 75 01 42 26 42 27 54 42 25 02 44 25 44 26 
4800: 43 26 77 03 77 53 35 65 43 25 65 43 20 33 54 49 27 43 27 44 
4820: 22 61 03 48 53 43 22 65 43 24 54 22 44 17 53 01 75 43 17 65 
4840: 02 55 89 54 92 61 11 92 92 92 92 92 92 92 92 92 92 92 92 92 
4860: 92 92 92 92 92 92 92 92 92 92 92 92 92 92 92 92 92 92 92 92 
4880: 92 92 92 92 92 92 92 92 92 92 92 92 92 92 92 92 92 92 92 92 
4900: 92 92 92 92 92 92 92 92 92 92 92 92 92 92 92 92 92 92 92 92 
4920: 92 92 92 92 92 92 92 92 92 92 92 92 92 92 92 92 92 92 92 92 
4940: 92 92 92 92 92 92 92 92 92 92 92 92 92 92 92 92 92 92 92 92 
4960: 92 92 92 92 92 92 92 92 92 92 92 92 92 92 92 92 92 92 92 92 
4980: 92 92 92 92 92 92 92 92 92 92 92 92 92 92 92 92 92 92 92 92