TMS0540 SECOND ROM Recorder Initialized
Datamath Calculator Museum June 2023
DUT: TMC0555NL ASP8009
RPN SIMULATOR MODULE -13-
(C) Texas Instruments 1978
-----------------------------------------------------------------
ADDR: BCD DATA
0000: 64 00 01 32 07 53 09 62 16 87 19 70 23 35 24 89 25 21 26 46 
0020: 27 21 27 38 29 39 29 81 30 53 31 02 31 20 31 34 31 53 32 54 
0040: 32 66 32 79 32 92 33 21 33 56 33 77 34 24 34 77 34 97 35 35 
0060: 35 97 36 62 36 63 36 74 36 84 36 94 37 04 37 14 37 24 37 34 
0080: 37 44 37 54 37 64 37 74 37 84 37 94 38 04 38 14 38 24 38 34 
0100: 38 44 38 54 38 65 38 74 38 83 45 84 46 15 46 29 46 45 46 63 
0120: 46 73 46 88 47 03 49 38 49 53 49 67 76 11 98 99 86 06 69 28 
0140: 29 67 00 37 77 00 21 36 00 11 61 01 87 53 24 55 28 59 22 67 
0160: 00 31 01 22 28 55 01 00 54 42 02 36 10 11 32 22 87 03 00 71 
0180: 01 00 77 01 84 04 02 67 01 84 04 03 67 01 84 08 03 67 01 84 
0200: 22 86 03 03 01 22 67 00 81 03 61 00 98 03 02 22 67 00 91 04 
0220: 61 00 98 03 05 22 67 01 36 05 42 00 53 53 36 10 11 75 53 53 
0240: 24 55 01 00 54 59 75 02 54 65 06 54 65 03 75 06 02 54 42 01 
0260: 62 00 71 40 01 61 01 87 02 02 22 67 01 48 36 06 11 61 01 87 
0280: 02 03 22 67 01 60 36 07 11 61 01 87 03 03 22 67 01 72 36 08 
0300: 11 61 01 87 03 04 22 67 01 84 36 09 11 61 01 87 36 02 11 22 
0320: 86 07 69 18 87 07 01 98 00 92 22 86 07 22 87 05 02 41 98 07 
0340: 06 36 11 11 53 43 12 22 87 08 02 22 75 01 54 42 01 03 49 01 
0360: 69 21 36 62 71 40 01 36 11 11 22 86 05 22 87 08 02 51 22 86 
0380: 08 86 05 00 92 76 15 69 00 01 00 42 00 22 86 40 00 97 00 02 
0400: 61 06 69 17 29 59 67 02 81 01 00 69 17 47 69 33 01 09 42 09 
0420: 01 08 48 18 58 09 92 76 12 43 18 42 16 01 44 16 73 16 00 92 
0440: 72 16 32 01 44 16 73 16 32 22 86 07 69 18 87 07 03 07 24 76 
0460: 13 36 03 17 98 01 05 69 01 02 03 01 07 01 05 02 06 00 00 69 
0480: 02 02 04 03 01 03 03 04 01 03 07 69 03 69 05 98 53 43 18 42 
0500: 17 85 01 54 22 90 32 36 03 17 00 92 76 18 32 22 44 16 01 44 
0520: 17 00 63 17 11 97 16 03 86 92 76 14 36 03 17 03 02 03 03 03 
0540: 07 02 04 69 02 03 02 03 01 01 03 02 07 00 00 69 03 98 69 05 
0560: 98 06 01 36 11 11 00 36 11 12 00 36 11 12 05 01 42 00 07 01 
0580: 71 04 58 06 01 71 04 58 08 01 42 01 07 06 36 11 11 43 01 36 
0600: 11 11 03 06 36 11 11 43 00 36 11 12 01 01 36 11 11 09 02 36 
0620: 11 11 69 20 00 92 76 96 69 00 03 05 03 03 03 01 69 02 03 06 
0640: 02 04 03 00 04 01 69 03 02 07 01 03 03 07 03 02 03 05 69 04 
0660: 69 05 01 03 99 92 76 16 42 00 53 43 16 85 43 17 54 42 01 69 
0680: 21 22 86 07 73 01 69 19 87 07 05 63 01 44 16 69 31 22 86 07 
0700: 43 00 22 44 01 00 69 21 63 00 69 20 97 01 05 76 72 00 25 92 
0720: 76 17 94 42 00 53 43 16 85 43 17 54 42 01 44 00 69 20 01 22 
0740: 44 16 00 63 01 69 31 97 00 06 11 00 92 76 11 08 03 22 67 00 
0760: 13 09 03 61 00 20 01 00 22 77 00 46 32 42 01 87 03 00 38 86 
0780: 03 22 87 00 00 38 05 01 71 01 91 43 01 36 11 11 86 00 92 04 
0800: 03 22 67 00 77 87 03 00 72 22 87 00 00 66 05 01 71 01 91 01 
0820: 36 11 11 86 03 05 02 61 00 40 22 86 00 04 04 22 67 00 90 00 
0840: 61 02 05 04 01 22 67 01 01 05 01 61 01 91 02 01 22 67 01 12 
0860: 02 02 61 01 91 86 00 04 02 22 67 01 25 09 04 61 02 05 08 04 
0880: 22 67 01 36 09 01 61 02 05 32 42 00 03 06 36 11 11 01 02 36 
0900: 11 12 43 00 32 05 01 22 67 01 63 01 02 61 01 87 06 01 22 67 
0920: 01 74 01 01 61 01 87 07 01 22 67 01 85 01 03 61 01 87 01 04 
0940: 36 11 11 92 42 00 03 06 36 11 11 43 00 36 11 12 01 01 36 11 
0960: 11 92 68 61 00 85 61 00 90 61 00 99 61 01 10 61 03 54 68 68 
0980: 68 61 02 18 61 02 59 61 01 15 61 01 40 61 01 45 68 68 68 61 
1000: 02 72 61 01 50 61 01 55 61 01 60 61 02 94 61 01 65 61 01 70 
1020: 61 01 75 61 03 02 61 01 80 61 01 85 61 01 90 61 02 67 61 01 
1040: 95 61 02 00 61 02 05 02 04 61 03 15 86 04 36 06 11 22 86 04 
1060: 92 02 02 36 11 11 05 07 36 11 11 92 02 06 61 03 15 03 02 36 
1080: 11 11 04 36 11 11 02 02 36 11 11 09 06 36 11 11 03 02 61 03 
1100: 29 92 03 00 61 03 15 02 08 61 03 15 02 03 61 03 37 02 08 61 
1120: 03 37 03 04 61 03 37 03 08 61 03 37 03 09 61 03 37 03 00 61 
1140: 03 37 01 09 61 03 15 02 01 61 03 15 08 08 61 03 37 01 06 61 
1160: 03 15 05 09 61 03 37 05 42 00 06 06 36 11 11 97 00 02 08 92 
1180: 05 05 71 03 15 76 12 08 07 36 11 11 04 36 11 12 76 15 69 29 
1200: 43 09 42 01 42 12 03 49 01 69 21 36 62 71 40 01 86 08 61 03 
1220: 29 05 06 71 03 15 61 02 25 05 07 61 02 61 02 09 36 11 11 76 
1240: 13 02 02 36 11 11 76 14 06 07 36 11 11 61 02 36 02 09 36 11 
1260: 11 61 02 86 02 09 36 11 11 07 07 36 11 11 61 02 36 42 00 03 
1280: 06 36 11 11 43 00 36 11 12 01 01 36 11 11 86 00 92 76 35 42 
1300: 00 04 02 36 11 11 02 09 36 11 12 43 00 61 03 29 22 76 16 86 
1320: 01 86 00 22 86 04 07 06 36 11 11 36 10 11 32 53 09 77 03 88 
1340: 01 94 85 22 87 01 03 88 05 85 32 54 42 01 42 13 32 09 77 04 
1360: 10 01 09 22 67 04 08 09 42 01 69 21 07 49 01 69 21 53 53 05 
1380: 06 85 36 54 71 40 01 54 55 01 00 00 00 00 54 42 14 59 29 67 
1400: 04 46 01 00 00 22 49 14 53 53 43 14 85 05 05 54 65 01 00 00 
1420: 00 00 00 00 54 69 01 43 13 42 01 32 01 00 42 00 53 09 77 04 
1440: 85 69 20 01 00 94 85 32 54 42 14 53 22 28 52 22 52 65 73 00 
1460: 54 53 22 59 65 01 00 54 59 29 22 67 05 30 43 14 22 28 52 22 
1480: 52 53 35 55 01 00 54 74 00 61 05 36 69 29 43 09 42 01 03 49 
1500: 01 69 21 36 62 71 40 01 42 14 36 11 11 43 18 53 42 01 75 01 
1520: 08 54 42 00 29 67 06 85 43 13 32 73 01 59 22 67 06 85 73 01 
1540: 53 22 59 65 01 00 00 00 54 48 03 42 15 87 04 06 52 71 06 98 
1560: 86 04 98 01 05 02 03 01 03 03 01 02 02 69 01 01 07 00 00 03 
1580: 07 02 03 01 07 69 02 02 01 03 02 02 07 02 07 69 03 03 02 04 
1600: 03 02 04 03 01 02 02 69 04 69 05 69 00 98 22 86 02 43 14 36 
1620: 11 13 43 15 42 03 00 63 18 42 15 43 18 32 43 01 67 06 81 43 
1640: 15 72 01 01 22 44 18 69 31 97 00 05 66 87 04 06 98 92 76 17 
1660: 98 05 01 05 01 05 01 05 01 05 01 69 01 69 02 69 03 69 04 69 
1680: 05 69 00 22 86 04 92 68 61 00 85 61 00 90 61 01 00 68 68 68 
1700: 61 02 79 68 68 68 61 01 79 61 01 88 00 35 69 38 92 68 68 68 
1720: 68 68 68 68 61 01 93 61 01 06 61 01 11 61 01 16 61 02 00 61 
1740: 01 23 61 01 28 61 01 33 61 02 07 61 01 38 61 01 43 61 01 48 
1760: 61 02 12 61 01 53 61 01 58 61 01 63 02 05 61 02 17 86 04 00 
1780: 36 06 11 22 86 04 92 05 02 36 11 11 92 02 03 61 02 37 02 08 
1800: 61 02 37 03 03 36 03 71 35 92 03 08 61 02 37 03 09 61 02 37 
1820: 03 00 61 02 37 01 08 61 02 17 02 00 61 02 17 08 08 61 02 37 
1840: 01 07 61 02 17 05 09 61 02 37 03 06 36 11 11 02 07 36 11 12 
1860: 01 01 36 11 11 92 06 03 71 02 17 36 03 12 92 06 04 61 01 81 
1880: 71 02 59 36 03 13 92 71 02 59 36 03 14 92 05 08 61 01 81 05 
1900: 09 61 01 81 42 00 03 06 36 11 11 43 00 36 11 12 01 01 36 11 
1920: 11 86 00 92 42 00 04 02 36 11 11 02 09 36 11 12 02 02 36 11 
1940: 11 43 00 61 02 31 03 02 36 11 11 04 03 36 11 11 02 06 36 11 
1960: 12 03 02 61 02 31 36 03 16 92 68 61 00 85 61 00 94 61 00 99 
1980: 61 01 05 68 68 68 68 68 68 61 01 18 61 01 23 61 01 44 61 01 
2000: 49 61 01 54 68 68 68 61 01 64 61 01 78 61 01 88 61 01 93 61 
2020: 01 59 61 01 98 61 02 17 61 02 22 61 02 27 61 02 83 61 02 88 
2040: 61 03 03 61 03 19 61 03 24 61 03 34 61 03 39 02 03 71 03 45 
2060: 22 86 00 92 09 02 61 03 59 05 07 36 11 11 92 04 08 36 11 11 
2080: 02 05 36 11 12 86 00 92 04 02 61 01 07 03 06 36 11 11 04 09 
2100: 36 11 12 01 01 87 00 03 59 01 06 61 03 59 06 00 61 03 59 07 
2120: 00 61 03 59 08 00 61 03 59 02 02 36 11 11 08 06 36 11 11 36 
2140: 10 11 36 11 12 86 00 92 04 08 36 11 11 02 06 61 01 12 05 03 
2160: 61 03 45 05 02 61 03 45 03 05 42 00 04 02 36 11 11 02 09 36 
2180: 11 12 43 00 61 03 59 01 03 61 03 45 05 00 61 02 00 36 10 11 
2200: 42 00 32 01 22 77 02 57 02 02 36 11 11 08 07 36 11 11 43 00 
2220: 36 11 12 36 03 15 92 03 06 36 11 11 43 00 32 02 67 02 74 06 
2240: 01 61 02 76 06 00 71 03 54 36 03 12 92 06 06 61 03 59 22 87 
2260: 00 02 98 05 01 71 03 45 08 09 61 03 59 03 06 36 11 11 02 09 
2280: 36 11 12 01 01 36 11 11 92 01 04 61 03 45 03 06 36 11 11 05 
2300: 00 61 01 30 01 05 61 03 45 06 08 36 11 11 92 42 00 03 06 36 
2320: 11 11 43 00 36 11 12 01 01 36 11 11 86 00 92 76 11 29 67 00 
2340: 07 22 86 01 36 10 11 42 00 32 02 04 67 01 49 86 00 06 01 22 
2360: 87 04 00 31 07 01 36 11 11 43 00 32 53 09 77 00 70 22 87 04 
2380: 00 54 87 01 00 68 61 00 59 03 01 67 00 64 01 94 61 00 69 36 
2400: 10 11 32 04 85 32 54 42 01 42 13 03 49 01 69 21 36 62 71 40 
2420: 01 36 11 11 43 13 32 01 00 42 00 53 09 77 01 07 69 20 01 00 
2440: 94 85 32 54 53 22 28 52 22 52 65 73 00 54 53 22 59 65 01 00 
2460: 54 59 29 67 01 48 01 44 18 53 43 13 85 43 03 55 01 00 00 00 
2480: 54 72 18 92 00 35 69 38 92 76 11 05 08 36 11 11 36 10 11 32 
2500: 02 04 67 00 21 32 36 11 12 92 04 00 36 11 11 02 05 36 11 12 
2520: 92 76 11 36 10 11 42 00 32 02 05 77 01 10 05 01 22 67 00 27 
2540: 02 02 36 11 11 61 00 48 06 01 22 67 00 36 61 00 48 08 01 22 
2560: 67 00 47 02 02 36 11 11 22 86 01 36 10 11 42 00 32 02 04 67 
2580: 00 91 04 04 87 01 00 69 04 09 36 11 11 43 00 32 53 01 00 77 
2600: 00 83 09 85 32 54 36 11 12 86 00 92 07 04 87 01 00 99 06 04 
2620: 36 11 11 02 05 36 11 12 86 00 92 02 04 67 01 20 04 02 61 00 
2640: 69 07 02 61 00 99 76 11 03 06 36 11 11 36 10 11 32 09 22 77 
2660: 00 25 53 32 85 03 04 54 61 00 58 02 01 22 67 00 41 03 02 36 
2680: 11 12 01 01 61 00 69 02 04 22 67 00 52 03 03 61 00 58 53 32 
2700: 85 03 03 54 36 11 12 01 01 87 00 00 69 01 06 36 11 11 86 00 
2720: 92 76 11 53 43 02 65 01 00 00 54 42 02 59 22 44 02 92 76 11 
2740: 22 76 12 86 02 69 23 76 13 42 07 07 32 22 87 09 00 33 43 03 
2760: 66 66 66 66 43 07 66 66 66 66 92 22 87 06 00 61 22 86 06 53 
2780: 43 08 55 01 00 00 00 54 42 04 03 71 01 44 43 06 69 01 98 53 
2800: 43 03 55 01 00 00 00 54 42 04 03 71 01 44 43 06 69 02 53 43 
2820: 07 55 01 00 00 54 42 04 02 71 01 44 01 00 00 49 06 87 02 01 
2840: 84 07 49 07 69 27 53 36 54 71 40 07 55 01 00 00 00 00 54 42 
2860: 04 59 44 06 43 06 69 03 43 04 53 22 59 65 01 00 22 28 54 61 
2880: 01 94 42 05 00 42 06 53 01 85 53 43 04 65 01 00 54 42 04 59 
2900: 22 44 04 22 77 01 71 85 02 54 44 06 01 00 00 49 06 97 05 01 
2920: 49 92 53 43 06 69 03 65 01 00 00 54 69 04 69 05 69 00 92 76 
2940: 11 53 42 29 85 76 22 43 28 48 27 48 26 54 92 76 12 53 42 29 
2960: 94 85 61 22 76 13 53 42 29 65 61 22 76 14 53 42 29 35 65 61 
2980: 22 76 11 53 48 29 82 07 43 28 48 27 48 26 82 06 45 43 29 54 
3000: 82 08 22 86 07 69 19 87 07 00 31 92 24 29 43 29 22 59 22 67 
3020: 00 60 53 43 29 55 02 54 22 59 22 67 00 56 82 18 92 82 18 94 
3040: 92 82 16 36 51 11 00 35 82 17 48 29 92 76 11 29 77 00 09 85 
3060: 95 92 22 67 00 17 42 29 01 92 82 08 22 59 67 00 29 82 18 85 
3080: 95 92 82 18 42 29 32 53 43 29 65 97 29 00 35 01 54 32 42 29 
3100: 32 92 76 11 53 42 29 88 85 43 28 48 27 48 26 88 54 22 88 92 
3120: 76 11 53 42 29 65 43 26 55 01 00 00 54 92 76 11 53 53 42 29 
3140: 75 43 26 54 65 01 00 00 55 43 26 54 92 76 11 42 29 32 43 26 
3160: 22 37 42 26 32 82 08 09 00 39 69 10 29 67 00 76 77 00 51 89 
3180: 32 43 26 67 00 36 77 00 39 82 18 92 53 24 75 02 65 89 54 42 
3200: 26 82 18 92 02 00 00 32 43 26 67 00 36 22 77 00 36 53 24 75 
3220: 04 00 00 54 42 26 82 18 92 01 08 00 32 43 26 67 00 36 22 77 
3240: 00 36 53 24 75 03 06 00 54 42 26 82 18 92 76 11 42 29 32 43 
3260: 26 37 42 26 32 92 76 11 53 42 29 65 89 55 01 08 00 54 92 76 
3280: 11 53 42 29 65 01 08 00 55 89 54 92 76 11 53 42 29 44 14 33 
3300: 44 15 34 65 43 26 44 16 33 44 17 34 54 44 18 01 44 19 43 19 
3320: 92 76 11 53 42 29 22 44 14 33 22 44 15 34 65 43 26 22 44 16 
3340: 33 22 44 17 34 54 22 44 18 01 22 44 19 43 19 92 76 11 42 29 
3360: 53 43 16 55 43 19 54 42 26 53 43 14 55 43 19 54 92 76 11 42 
3380: 29 53 53 43 17 75 43 16 33 55 43 19 54 55 53 43 19 75 01 54 
3400: 82 08 54 34 42 26 53 53 43 15 75 43 14 33 55 43 19 54 55 82 
3420: 18 54 34 92 76 11 42 29 32 01 00 22 28 32 22 77 00 15 22 86 
3440: 05 09 35 52 00 00 59 32 22 57 01 67 13 77 00 42 13 57 92 76 
3460: 13 52 43 29 52 92 43 29 22 87 05 00 52 52 22 52 92 76 11 32 
3480: 43 28 12 43 27 12 43 26 12 32 76 12 66 66 66 66 92 76 11 32 
3500: 00 42 00 42 01 42 02 42 03 42 04 42 05 42 06 42 07 42 08 42 
3520: 09 42 20 42 21 42 22 42 23 42 24 42 25 32 92 76 12 42 29 66 
3540: 39 73 29 66 66 92 76 11 32 43 29 82 08 00 12 01 12 02 12 03 
3560: 12 04 12 05 12 06 12 07 12 08 12 09 12 02 00 12 02 01 12 02 
3580: 02 12 02 03 12 02 04 12 02 05 12 82 18 42 29 32 92 76 11 32 
3600: 43 00 48 10 42 00 43 01 48 11 42 01 43 02 48 12 42 02 43 03 
3620: 48 13 42 03 43 04 48 14 42 04 43 05 48 15 42 05 43 06 48 16 
3640: 42 06 43 07 48 17 42 07 43 08 48 18 42 08 43 09 48 19 42 09 
3660: 32 92 92 76 11 42 29 43 16 42 26 43 14 92 76 11 36 51 11 76 
3680: 16 73 25 92 76 11 36 51 11 76 16 43 00 92 76 11 36 51 11 76 
3700: 16 43 01 92 76 11 36 51 11 76 16 43 02 92 76 11 36 51 11 76 
3720: 16 43 03 92 76 11 36 51 11 76 16 43 04 92 76 11 36 51 11 76 
3740: 16 43 05 92 76 11 36 51 11 76 16 43 06 92 76 11 36 51 11 76 
3760: 16 43 07 92 76 11 36 51 11 76 16 43 08 92 76 11 36 51 11 76 
3780: 16 43 09 92 76 11 36 51 11 76 16 43 20 92 76 11 36 51 11 76 
3800: 16 43 21 92 76 11 36 51 11 76 16 43 22 92 76 11 36 51 11 76 
3820: 16 43 23 92 76 11 36 51 11 76 16 43 24 92 76 11 36 51 11 76 
3840: 16 43 25 92 76 11 36 51 11 76 16 43 29 92 76 11 48 26 48 27 
3860: 42 28 43 26 92 76 11 48 26 48 27 48 28 92 76 11 48 28 48 27 
3880: 48 26 92 68 00 00 00 01 00 00 92 00 00 00 02 00 00 92 00 00 
3900: 00 03 00 00 92 00 00 00 04 00 00 92 00 00 00 05 00 00 92 00 
3920: 00 00 06 00 00 92 00 00 00 07 00 00 92 00 00 01 00 00 00 92 
3940: 00 00 01 01 00 00 92 00 00 01 02 00 00 92 01 07 06 05 00 00 
3960: 92 00 00 01 03 00 00 92 00 00 01 04 00 00 92 00 00 01 05 00 
3980: 00 92 00 00 01 06 00 00 92 00 00 01 07 00 00 92 01 03 06 05 
4000: 00 00 92 01 04 06 05 00 00 92 01 05 06 05 00 00 92 01 06 06 
4020: 05 00 00 92 01 05 02 07 06 05 92 00 03 03 01 01 06 92 02 04 
4040: 03 01 04 02 92 02 07 03 01 04 04 92 01 05 01 07 00 00 92 01 
4060: 05 02 07 03 05 92 00 03 03 01 01 06 92 02 04 03 01 06 05 92 
4080: 02 07 03 02 02 02 92 01 05 03 03 00 00 92 03 07 01 03 03 01 
4100: 92 02 07 03 05 03 01 92 04 04 06 02 03 07 92 04 04 07 00 00 
4120: 00 92 05 02 04 04 00 00 92 00 02 06 03 04 04 92 03 03 02 02 
4140: 03 00 92 03 03 06 03 03 05 92 03 06 02 04 03 01 92 01 05 03 
4160: 02 03 06 92 02 04 03 01 01 06 92 03 06 03 06 03 07 92 03 06 
4180: 03 07 03 02 92 03 05 01 05 02 07 92 03 06 04 01 03 00 92 04 
4200: 05 06 06 00 00 92 02 04 03 01 03 06 92 01 05 03 00 03 06 92 
4220: 01 07 04 04 01 05 92 03 03 03 05 01 06 92 02 04 04 04 02 04 
4240: 92 01 04 03 06 03 07 92 01 07 01 07 00 00 92 00 00 05 05 00 
4260: 00 92 00 00 05 06 00 00 92 00 00 07 02 00 00 92 01 06 01 07 
4280: 02 07 92 01 07 03 01 02 02 92 02 01 02 04 04 04 92 02 04 03 
4300: 01 03 07 92 01 06 01 07 02 02 92 02 02 03 07 03 02 92 03 03 
4320: 02 02 05 01 92 01 07 04 04 05 01 92 03 03 01 06 05 01 92 00 
4340: 00 05 00 00 00 92 03 03 01 03 04 01 92 00 00 01 07 03 04 92 
4360: 03 01 03 02 03 03 92 03 02 03 03 00 00 92 03 05 01 03 01 06 
4380: 92 03 06 01 04 03 05 92 03 06 03 07 05 01 92 03 05 01 05 05 
4400: 01 92 03 06 03 00 05 01 92 00 00 02 00 00 00 92 02 07 01 04 
4420: 02 07 92 00 00 02 02 01 07 92 07 07 04 07 00 00 92 00 00 06 
4440: 07 00 00 92 02 02 03 05 01 06 92 03 05 03 06 03 07 92 02 03 
4460: 02 04 03 05 92 02 02 03 02 05 01 92 03 02 03 03 05 01 92 00 
4480: 00 04 07 00 00 92 03 06 03 07 02 01 92 02 04 02 01 02 01 92 
4500: 01 06 03 00 03 06 92 00 00 05 03 00 00 92 02 07 03 06 03 07 
4520: 92 03 05 06 03 03 06 92 03 05 03 07 03 01 92 00 00 04 00 00 
4540: 00 92 04 07 06 03 02 00 92 00 00 06 04 00 00 92 04 03 03 05 
4560: 03 07 92 01 06 03 06 04 06 92 01 03 01 06 04 02 92 03 03 03 
4580: 05 03 07 92 76 11 82 08 01 22 44 25 32 43 25 76 12 50 77 32 
4600: 32 94 22 77 33 76 32 22 76 33 86 04 82 18 92 76 11 82 08 01 
4620: 44 25 32 43 25 36 55 12 92 76 11 29 76 12 22 77 22 67 22 22 
4640: 76 22 86 04 92 76 11 32 43 26 32 67 22 77 23 76 22 22 76 23 
4660: 86 04 92 76 11 32 43 26 32 36 57 12 92 76 11 22 87 02 22 22 
4680: 76 22 86 04 22 86 02 92 76 11 22 87 03 22 22 76 22 86 04 22 
4700: 86 03 92 68 02 02 92 02 03 92 02 04 92 02 05 92 03 02 92 03 
4720: 03 92 03 04 92 03 05 92 04 02 92 04 03 92 01 01 92 01 02 92 
4740: 01 03 92 01 04 92 01 05 92 01 06 92 01 07 92 01 08 92 01 09 
4760: 92 01 00 92 04 04 92 04 05 92 05 02 92 05 03 92 05 04 92 05 
4780: 05 92 06 05 92 07 05 92 08 05 92 09 03 92 09 04 92 09 05 92 
4800: 02 00 92 02 07 92 02 08 92 02 09 92 03 00 92 03 06 92 03 07 
4820: 92 03 08 92 03 09 92 04 07 92 04 08 92 04 09 92 05 00 92 05 
4840: 07 92 05 08 92 05 09 92 06 00 92 06 06 92 06 07 92 06 08 92 
4860: 06 09 92 07 00 92 07 06 92 07 07 92 07 08 92 07 09 92 08 00 
4880: 92 08 06 92 08 07 92 08 08 92 08 09 92 09 00 92 09 06 92 09 
4900: 07 92 09 08 92 09 09 92 06 02 92 06 03 92 06 04 92 07 02 92 
4920: 07 03 92 07 04 92 08 02 92 08 03 92 08 04 92 09 02 92 76 11 
4940: 82 08 01 22 74 25 32 73 25 36 55 12 92 76 11 82 08 01 74 25 
4960: 32 73 25 36 55 12 92 92 92 92 92 92 92 92 92 92 92 92 92 92 
4980: 92 92 92 92 92 92 92 92 92 92 92 92 92 92 92 92 92 92 92 92