TMS0540 SECOND ROM Recorder Initialized
Datamath Calculator Museum June 2023
DUT: TMC0549NL ASA7832
BUSINESS DECISIONS MODULE -9-
(C) Texas Instruments 1978
-----------------------------------------------------------------
ADDR: BCD DATA
0000: 11 00 00 26 00 71 05 38 05 98 09 71 15 44 19 82 24 14 33 58 
0020: 37 10 44 13 49 92 76 25 29 06 42 01 00 72 01 97 01 00 07 92 
0040: 76 96 58 09 69 00 02 04 03 01 01 07 03 06 03 06 69 04 01 04 
0060: 04 01 03 06 69 03 69 05 09 99 92 76 25 22 86 00 47 58 02 00 
0080: 92 76 11 42 10 99 92 76 12 42 11 71 04 10 48 11 99 92 76 13 
0100: 42 17 99 92 76 14 42 12 71 04 10 48 12 99 92 76 18 42 13 71 
0120: 04 10 48 13 99 92 76 19 42 14 71 04 10 48 14 99 92 76 15 42 
0140: 18 99 92 76 17 42 15 71 04 10 48 15 99 92 76 16 42 16 71 04 
0160: 10 48 16 99 92 76 10 98 42 06 29 43 09 67 03 98 53 53 53 43 
0180: 10 65 43 11 54 42 22 65 43 15 54 42 21 94 85 43 22 54 42 20 
0200: 53 53 43 10 65 43 17 54 42 19 75 43 18 75 42 25 43 26 54 42 
0220: 27 53 53 43 16 65 43 18 55 43 19 54 42 07 94 85 43 12 54 42 
0240: 28 29 77 01 76 86 00 43 25 32 43 26 77 02 58 43 13 32 43 14 
0260: 22 77 02 34 43 28 32 53 43 27 55 43 19 54 42 08 32 77 02 18 
0280: 22 86 00 71 04 33 61 02 79 43 27 42 24 53 43 07 85 43 08 54 
0300: 42 16 61 02 79 87 00 02 49 43 27 42 23 43 07 42 16 61 02 79 
0320: 22 86 00 71 04 33 61 02 79 32 22 44 26 87 00 02 73 43 07 42 
0340: 16 61 02 82 71 04 33 61 02 82 00 42 26 69 29 53 43 09 75 01 
0360: 54 58 09 71 04 18 99 43 22 58 02 71 04 18 32 03 03 71 04 27 
0380: 43 21 71 04 18 32 01 06 71 04 27 43 20 71 04 18 32 03 05 01 
0400: 07 71 04 27 43 19 71 04 18 32 01 05 01 03 03 03 71 04 27 42 
0420: 18 43 27 71 04 18 32 02 01 03 01 71 04 27 43 23 71 04 18 32 
0440: 03 06 71 04 27 43 24 71 04 18 32 01 04 71 04 27 32 00 42 23 
0460: 42 24 43 20 44 26 61 04 06 43 06 42 26 99 32 69 29 32 98 98 
0480: 92 53 24 55 01 00 00 54 92 66 66 66 66 66 66 66 66 92 69 04 
0500: 32 69 06 92 43 12 42 16 53 43 28 65 43 19 54 42 24 87 00 04 
0520: 60 53 24 94 85 43 27 54 42 23 92 94 42 23 22 86 00 92 76 11 
0540: 42 01 92 76 12 42 02 92 76 13 42 03 92 76 14 42 04 92 76 15 
0560: 42 05 92 76 10 53 43 04 65 43 03 75 24 65 43 05 85 53 43 02 
0580: 75 43 03 54 65 43 05 55 43 01 54 92 76 25 00 58 09 92 76 25 
0600: 58 09 47 01 06 42 09 01 48 01 92 76 11 42 11 58 02 99 98 92 
0620: 76 12 32 43 01 58 09 99 32 72 09 69 21 69 29 61 00 58 76 16 
0640: 42 07 58 09 99 92 76 17 32 01 05 44 07 32 72 07 58 02 99 98 
0660: 92 76 18 42 03 69 23 92 76 13 42 06 92 42 07 53 43 06 65 12 
0680: 43 03 97 07 00 80 01 54 92 76 10 22 76 15 86 01 58 09 99 42 
0700: 02 69 22 43 02 23 42 00 71 01 31 43 04 87 01 00 58 53 24 65 
0720: 43 02 45 43 01 54 61 00 58 43 09 42 08 43 01 94 42 07 69 27 
0740: 43 11 94 42 04 00 42 05 69 38 53 53 43 00 65 43 07 54 22 23 
0760: 65 73 08 65 44 04 43 07 54 44 05 97 07 01 50 92 76 14 58 09 
0780: 05 94 22 28 32 00 42 00 43 00 71 01 31 53 43 04 55 43 05 54 
0800: 22 44 00 50 77 01 90 53 43 00 22 23 75 01 54 58 03 99 98 92 
0820: 76 19 42 06 58 02 99 04 94 22 28 42 14 53 43 03 71 02 14 58 
0840: 09 43 03 23 42 12 53 43 06 55 43 11 85 43 03 54 23 42 13 42 
0860: 00 71 03 38 67 03 34 22 77 02 85 43 13 53 42 12 85 93 01 54 
0880: 61 02 59 43 12 44 00 02 22 49 00 43 14 32 53 43 13 75 43 12 
0900: 54 22 77 03 34 43 00 71 03 38 67 03 34 77 03 25 43 00 42 13 
0920: 61 02 85 43 13 48 00 42 12 61 02 85 53 61 02 09 71 01 31 53 
0940: 53 43 00 22 23 42 05 75 43 03 54 35 65 43 06 65 43 05 45 53 
0960: 01 75 43 01 54 85 43 04 54 29 92 76 25 47 58 02 22 76 99 86 
0980: 06 00 92 42 00 42 03 32 69 33 01 03 49 03 08 44 03 92 76 11 
1000: 71 00 12 43 03 42 01 32 61 00 45 76 16 42 01 22 86 00 22 86 
1020: 01 22 86 02 92 71 00 12 43 03 42 02 32 92 76 12 71 00 12 32 
1040: 92 71 01 98 01 03 42 05 03 42 04 73 03 24 71 01 78 71 04 60 
1060: 97 05 00 80 92 76 17 42 07 69 37 92 76 18 71 00 12 03 42 04 
1080: 22 86 03 32 92 44 03 69 33 86 03 92 76 13 42 05 87 03 01 36 
1100: 86 03 71 01 98 43 05 71 01 90 71 04 60 92 42 01 69 21 69 24 
1120: 01 01 42 02 53 43 05 65 71 04 60 43 01 65 71 01 78 97 02 01 
1140: 57 71 04 64 00 54 43 00 92 87 06 01 90 66 66 66 66 66 66 66 
1160: 66 99 72 03 44 06 69 23 92 00 42 06 98 98 03 05 03 02 04 03 
1180: 69 04 43 00 69 06 98 92 76 10 42 03 07 44 03 43 07 42 04 53 
1200: 73 03 85 01 03 44 03 97 04 02 29 00 54 32 07 07 01 05 71 02 
1220: 62 92 53 24 55 43 07 54 32 06 07 01 05 69 04 32 72 03 98 69 
1240: 06 92 71 00 12 01 02 42 04 53 73 03 69 23 85 97 04 02 79 00 
1260: 54 92 76 15 71 02 71 32 07 07 03 05 71 02 62 92 53 24 55 01 
1280: 02 54 32 06 07 03 05 61 02 62 76 85 86 01 61 75 76 65 86 01 
1300: 76 55 86 02 76 75 71 01 98 22 86 04 00 42 06 01 02 42 05 04 
1320: 42 04 71 04 60 53 87 00 03 64 43 01 61 03 68 73 01 69 21 24 
1340: 87 02 03 84 85 73 02 87 01 03 92 94 61 03 92 65 73 02 87 01 
1360: 03 92 35 54 69 22 71 01 78 97 05 03 51 87 04 00 11 71 04 64 
1380: 86 04 87 00 04 40 87 02 04 26 01 02 49 01 61 03 54 87 01 03 
1400: 54 53 01 02 65 43 01 55 61 04 51 22 87 01 03 54 22 87 02 03 
1420: 54 53 43 00 71 02 71 54 61 03 95 97 04 00 11 03 42 04 98 07 
1440: 07 69 04 00 48 06 69 06 98 87 06 00 11 66 66 66 66 66 66 66 
1460: 66 92 76 14 42 05 44 01 94 42 04 01 02 44 04 73 01 69 21 72 
1480: 02 69 22 97 04 05 04 24 69 25 00 92 97 05 05 27 61 57 72 02 
1500: 69 22 92 61 05 21 76 19 42 05 94 44 01 42 04 01 02 44 04 01 
1520: 01 44 01 44 02 73 01 69 31 72 02 69 32 97 04 05 54 43 03 42 
1540: 02 61 05 16 76 11 42 10 92 76 12 71 04 21 42 11 92 76 13 42 
1560: 12 92 76 14 42 13 92 76 15 71 04 21 42 14 92 76 19 42 15 92 
1580: 76 10 42 16 92 76 18 43 11 71 00 51 61 00 66 53 53 24 55 01 
1600: 00 00 54 23 55 02 23 94 54 92 42 17 43 14 71 00 51 42 18 29 
1620: 53 43 15 75 02 54 22 77 01 52 67 02 50 53 24 75 02 54 22 77 
1640: 02 36 67 02 44 29 53 53 43 12 65 53 43 18 75 01 54 55 53 43 
1660: 10 65 53 43 17 75 43 18 54 54 54 67 01 33 77 01 36 85 95 92 
1680: 53 24 23 55 53 01 75 43 17 54 54 22 23 58 00 92 43 12 42 19 
1700: 71 02 78 42 09 71 03 18 71 04 06 42 05 32 93 05 32 77 01 81 
1720: 43 04 58 00 92 43 04 42 09 71 03 18 43 05 32 71 04 06 77 01 
1740: 33 61 01 67 53 53 24 45 53 01 75 43 17 54 54 65 43 10 85 43 
1760: 12 54 92 53 53 43 16 45 53 01 75 43 18 54 54 65 43 13 54 92 
1780: 43 16 71 02 00 58 02 92 71 02 19 58 02 92 71 02 19 42 20 43 
1800: 16 71 02 00 53 53 94 85 43 20 54 55 43 20 65 01 00 00 54 58 
1820: 02 92 29 53 43 19 55 43 13 55 53 01 75 43 16 55 01 00 00 54 
1840: 54 67 01 33 22 77 01 33 53 24 23 55 53 01 75 43 18 54 54 22 
1860: 23 92 53 53 43 12 85 43 17 65 43 10 65 43 09 45 53 01 75 43 
1880: 17 54 42 08 75 53 43 13 65 53 01 75 43 16 55 01 00 00 54 54 
1900: 42 07 65 43 18 65 43 09 45 53 01 75 43 18 54 42 06 54 55 53 
1920: 43 07 65 43 06 65 43 09 45 43 18 94 75 43 10 65 43 08 65 43 
1940: 09 45 43 17 94 54 54 42 04 92 53 43 04 75 43 09 54 50 92 76 
1960: 25 58 09 00 92 32 05 00 94 32 22 77 01 33 53 24 85 01 00 00 
1980: 54 92 76 11 42 05 92 76 12 42 06 92 76 13 42 07 92 76 14 42 
2000: 12 92 76 17 42 14 92 76 16 42 15 92 76 10 22 76 15 86 00 00 
2020: 42 23 32 43 15 22 77 00 57 53 43 06 65 43 07 54 61 00 59 43 
2040: 06 32 43 05 22 77 00 69 85 95 92 53 24 55 32 54 53 42 08 65 
2060: 43 07 54 42 09 29 43 07 32 22 77 00 94 61 00 66 29 43 15 22 
2080: 77 02 74 43 07 42 04 71 04 14 43 07 42 04 01 42 11 42 13 00 
2100: 42 02 71 03 97 53 53 43 07 65 43 09 45 43 07 55 43 10 55 53 
2120: 43 07 75 43 09 54 42 01 54 42 03 55 43 01 55 43 06 55 53 43 
2140: 03 85 43 13 54 54 42 16 43 15 32 01 22 67 02 12 53 43 07 65 
2160: 53 01 75 43 08 45 53 43 07 85 01 54 42 01 54 65 43 16 55 43 
2180: 01 55 53 01 75 43 08 45 43 07 54 54 42 16 53 43 16 85 43 06 
2200: 35 54 42 17 53 43 16 65 43 05 54 53 42 18 85 43 09 54 42 19 
2220: 53 53 01 75 43 08 54 65 43 17 54 53 42 20 65 43 14 54 42 22 
2240: 44 23 53 43 12 65 43 16 54 42 21 44 23 61 03 20 53 43 08 33 
2260: 65 43 07 55 53 01 75 43 08 54 54 53 42 18 55 43 05 54 53 42 
2280: 16 85 43 07 55 43 06 54 42 17 53 43 18 85 43 09 54 42 19 61 
2300: 02 38 43 19 58 04 99 87 00 03 30 92 43 18 99 87 00 03 38 92 
2320: 43 17 99 87 00 03 46 92 43 16 99 87 00 03 54 92 43 21 99 87 
2340: 00 03 62 92 43 22 99 87 00 03 70 92 43 23 99 87 00 03 78 92 
2360: 43 08 99 92 53 43 11 65 43 09 55 53 43 02 85 01 54 54 92 97 
2380: 04 04 02 92 71 03 82 44 13 42 11 69 22 61 03 97 01 42 10 43 
2400: 04 49 10 97 04 04 17 92 76 25 58 09 00 92 76 11 42 28 29 67 
2420: 00 26 01 32 43 28 50 67 00 31 32 43 28 50 67 00 36 85 95 92 
2440: 01 03 61 00 38 01 07 61 00 38 01 05 42 00 00 92 72 00 92 76 
2460: 12 86 01 42 20 42 04 32 01 32 22 77 00 23 02 09 42 05 29 00 
2480: 92 76 13 72 05 43 04 67 00 23 69 25 00 92 72 05 32 77 00 23 
2500: 29 69 25 69 34 92 76 14 42 18 42 19 92 76 15 42 22 92 76 16 
2520: 42 23 92 76 17 42 24 92 76 18 42 25 92 76 19 42 27 92 76 10 
2540: 93 05 42 21 29 01 94 42 06 22 87 01 01 49 43 04 22 67 00 23 
2560: 22 86 01 01 42 04 43 29 22 67 00 23 43 28 67 04 16 77 01 80 
2580: 43 27 32 43 23 77 00 23 71 09 21 43 28 29 53 50 75 01 54 67 
2600: 03 10 43 15 32 00 77 00 23 01 32 77 00 23 71 94 71 07 08 00 
2620: 42 17 71 07 20 71 08 62 43 13 42 00 71 07 20 71 07 66 22 77 
2640: 02 11 71 08 80 22 87 00 02 90 22 86 00 01 32 43 04 22 67 02 
2660: 96 69 24 71 07 08 43 04 32 43 20 77 02 05 43 06 58 02 99 92 
2680: 43 07 58 00 99 92 43 08 99 92 43 10 99 92 43 09 58 04 99 92 
2700: 43 11 99 92 71 07 78 61 02 47 69 35 73 05 42 13 69 25 71 08 
2720: 62 61 02 90 43 17 67 00 23 71 07 08 00 42 00 42 16 71 07 20 
2740: 71 08 71 32 01 32 77 00 23 71 94 71 07 20 71 07 66 77 03 53 
2760: 43 13 42 00 61 03 26 71 08 80 22 87 00 03 88 22 86 00 01 32 
2780: 43 04 22 67 03 94 69 24 71 07 08 43 04 32 43 20 77 03 18 61 
2800: 02 60 71 07 78 61 03 72 69 35 73 05 42 13 69 25 71 08 71 32 
2820: 01 32 77 00 23 71 94 61 03 88 53 43 20 65 02 85 02 07 54 42 
2840: 05 73 05 32 43 13 77 04 42 69 35 69 35 61 04 27 69 25 29 43 
2860: 27 67 04 60 32 43 23 77 00 23 29 71 09 21 43 15 22 67 04 75 
2880: 43 17 22 67 04 93 61 00 23 01 32 43 15 77 00 23 71 08 62 71 
2900: 94 71 07 78 61 02 60 71 08 71 32 01 32 77 00 23 61 04 85 76 
2920: 94 71 05 45 53 24 65 43 25 85 43 24 54 42 14 71 05 30 71 06 
2940: 74 42 16 92 53 53 43 14 75 43 24 54 55 43 25 54 42 26 92 22 
2960: 86 00 43 15 32 93 05 22 77 06 62 53 53 02 93 05 01 05 05 01 
2980: 07 94 75 43 15 33 35 23 34 42 03 65 93 08 00 02 08 05 03 75 
3000: 43 03 33 65 93 00 01 00 03 02 08 54 55 53 01 85 43 03 65 01 
3020: 93 04 03 02 07 08 08 85 43 03 33 65 93 01 08 09 02 06 09 85 
3040: 43 03 45 03 65 93 00 00 01 03 00 08 54 85 43 03 54 22 87 00 
3060: 06 61 94 48 15 53 94 85 01 54 48 15 22 86 00 92 86 00 53 01 
3080: 75 32 54 42 15 61 05 57 53 43 15 65 53 43 24 75 43 14 54 85 
3100: 71 06 94 65 43 25 54 92 53 43 26 33 22 23 65 02 65 89 54 34 
3120: 35 92 53 02 65 43 04 85 02 08 54 42 05 92 53 02 65 43 23 65 
3140: 53 43 22 85 43 16 65 43 17 54 55 73 05 55 43 19 54 34 42 13 
3160: 92 76 57 53 73 05 65 43 18 65 43 13 55 43 23 55 73 02 54 92 
3180: 53 43 13 75 43 00 54 50 32 43 21 92 53 73 05 65 53 43 23 85 
3200: 53 43 14 75 43 24 54 65 43 18 85 43 13 65 43 19 55 02 54 85 
3220: 53 43 22 85 43 17 65 43 16 54 65 43 23 55 43 13 54 42 12 29 
3240: 43 06 77 08 53 06 42 00 42 02 01 02 42 01 73 01 72 00 69 20 
3260: 69 21 97 02 08 40 92 32 43 12 77 08 52 61 08 31 01 05 42 02 
3280: 71 57 42 17 92 01 07 42 02 71 57 42 15 92 22 86 00 43 20 32 
3300: 43 04 67 09 07 69 25 73 05 32 43 13 69 35 22 77 09 07 86 00 
3320: 92 69 35 73 05 32 69 25 43 13 22 77 09 04 92 53 43 18 65 53 
3340: 01 75 43 23 55 43 27 54 54 42 19 92 76 25 58 09 00 92 76 14 
3360: 42 13 92 76 11 42 28 22 86 01 29 67 00 27 53 24 75 01 54 67 
3380: 00 36 85 95 92 86 01 01 05 42 00 61 00 40 01 07 42 00 00 92 
3400: 72 00 92 76 12 42 11 92 76 13 42 18 92 42 19 92 42 22 92 76 
3420: 16 42 23 92 76 17 42 20 92 76 18 42 21 92 76 19 42 27 92 76 
3440: 10 22 76 15 86 02 02 07 42 05 00 42 12 87 01 01 06 01 07 42 
3460: 02 61 01 10 01 05 42 02 36 08 71 57 53 24 65 43 23 54 87 01 
3480: 01 35 32 01 32 77 00 24 42 15 61 01 37 42 17 53 53 01 85 43 
3500: 13 55 43 11 54 42 01 65 43 20 54 42 24 53 43 01 65 43 21 33 
3520: 54 34 42 25 36 08 71 94 43 13 22 49 16 53 43 16 65 43 17 54 
3540: 42 07 44 12 53 43 19 55 43 13 54 42 10 44 12 53 43 22 55 43 
3560: 13 54 42 09 44 12 53 43 18 65 43 27 65 53 43 14 75 43 20 75 
3580: 43 23 65 43 13 55 02 54 54 42 08 44 12 53 43 14 75 43 20 75 
3600: 43 23 65 43 13 54 42 06 43 12 58 02 99 87 02 02 60 92 43 14 
3620: 58 00 99 87 02 02 70 92 43 13 58 05 99 87 02 02 80 92 43 15 
3640: 58 04 99 87 02 02 90 92 43 17 99 87 02 02 98 92 43 16 58 00 
3660: 99 87 02 03 08 92 43 06 99 87 02 03 16 92 43 10 58 02 99 87 
3680: 02 03 26 92 43 09 99 87 02 03 34 92 43 08 99 87 02 03 42 92 
3700: 43 07 99 92 76 25 58 09 00 92 76 11 42 42 92 42 43 92 42 44 
3720: 92 76 12 86 01 42 57 42 03 32 01 02 22 77 00 48 04 05 42 04 
3740: 00 92 72 04 69 24 69 33 29 43 03 22 77 00 48 61 00 30 85 95 
3760: 92 76 13 42 05 42 01 32 00 42 29 01 02 22 77 00 48 03 00 42 
3780: 02 00 42 10 00 92 72 02 44 10 69 22 69 31 29 43 01 22 77 00 
3800: 48 61 00 74 76 18 42 06 32 01 02 22 77 00 48 53 32 85 02 09 
3820: 54 42 07 00 92 72 07 92 76 14 42 08 92 76 16 42 58 92 42 59 
3840: 92 76 17 22 86 01 03 22 96 92 76 19 42 09 92 76 10 22 76 15 
3860: 86 00 29 43 09 77 03 93 43 01 22 67 00 48 43 44 67 02 08 43 
3880: 43 67 02 01 43 29 67 00 48 53 53 24 75 43 30 54 55 43 05 54 
3900: 42 59 53 43 29 75 48 30 54 44 10 43 05 42 57 61 02 11 71 06 
3920: 66 43 43 67 02 51 43 44 67 02 26 43 59 61 02 53 53 43 05 85 
3940: 02 09 54 42 00 53 53 73 00 75 43 30 54 55 53 43 05 75 01 54 
3960: 54 42 59 71 06 86 87 00 02 61 92 43 42 67 00 48 53 43 10 55 
3980: 43 05 85 53 43 05 75 01 54 65 43 59 55 02 54 42 58 71 06 86 
4000: 87 00 02 95 92 43 44 22 67 03 02 92 04 05 42 04 03 00 42 02 
4020: 01 42 01 71 06 91 87 00 03 26 66 66 66 66 66 66 32 01 67 03 
4040: 56 53 73 02 55 53 43 58 75 53 43 57 75 43 01 85 01 54 65 43 
4060: 59 54 54 61 03 63 53 73 02 55 43 58 54 72 04 71 06 86 87 00 
4080: 03 73 92 69 21 69 22 69 24 43 01 32 43 57 22 77 03 92 32 61 
4100: 03 13 92 43 06 67 00 48 43 44 22 67 04 07 71 06 66 22 87 01 
4120: 04 21 43 03 22 67 00 48 22 86 01 43 06 32 43 57 22 77 00 48 
4140: 29 43 09 22 67 05 45 43 08 32 22 77 04 47 61 00 48 53 43 57 
4160: 85 04 05 54 42 02 53 53 43 06 85 01 42 00 54 42 01 85 04 04 
4180: 54 42 04 32 43 02 32 22 77 04 85 04 05 42 04 43 00 71 06 91 
4200: 87 00 05 00 66 66 66 66 66 66 53 53 43 58 85 43 00 65 43 59 
4220: 54 65 73 04 54 58 03 98 99 87 00 05 24 92 69 20 43 00 32 43 
4240: 08 22 77 05 44 69 21 69 24 43 04 61 04 73 92 43 42 67 00 48 
4260: 32 01 22 77 00 48 32 43 43 32 22 77 00 48 32 43 44 32 22 77 
4280: 00 48 53 43 06 85 04 04 54 42 04 53 43 58 85 43 42 65 53 73 
4300: 07 55 73 04 75 43 59 75 43 58 54 85 43 59 54 71 06 86 87 00 
4320: 06 13 92 53 53 48 58 94 85 43 58 75 43 59 54 65 43 43 85 43 
4340: 59 54 42 59 71 06 86 87 00 06 42 92 53 73 04 85 43 44 65 53 
4360: 73 07 55 43 58 75 73 04 54 54 72 04 71 06 86 92 01 02 42 57 
4380: 42 03 04 05 42 04 01 72 04 69 24 97 03 06 76 92 58 05 98 99 
4400: 92 58 00 98 98 99 92 76 25 58 09 00 92 76 25 47 09 42 01 05 
4420: 42 04 69 25 00 58 09 92 76 11 42 02 42 03 01 00 44 03 43 02 
4440: 92 76 12 53 42 07 65 01 00 54 69 21 72 01 32 43 06 77 00 48 
4460: 32 42 06 03 07 01 03 03 06 02 06 69 04 98 53 43 01 75 09 54 
4480: 69 06 53 43 05 55 06 22 28 54 74 01 93 00 01 74 01 43 07 58 
4500: 01 99 58 09 98 92 76 13 42 07 01 00 00 64 03 43 07 74 03 97 
4520: 04 01 15 05 42 04 69 23 69 25 93 00 01 74 01 43 07 99 92 76 
4540: 14 01 00 00 64 03 97 04 01 28 00 92 76 10 22 76 15 86 00 98 
4560: 98 53 99 65 01 00 54 42 07 94 32 43 06 94 22 77 05 70 43 02 
4580: 42 08 09 44 08 53 73 08 69 28 65 01 00 00 00 00 54 22 59 42 
4600: 05 01 00 00 49 05 61 02 25 01 00 00 49 09 43 09 59 22 44 09 
4620: 42 00 09 44 00 93 00 00 00 01 74 00 97 04 02 42 69 28 05 42 
4640: 04 53 73 08 55 01 00 22 28 52 22 52 54 42 09 97 05 01 96 03 
4660: 06 03 07 01 03 69 04 69 25 43 05 98 69 06 98 87 00 02 68 94 
4680: 92 43 07 42 01 43 02 42 08 01 00 42 09 22 86 01 22 86 02 00 
4700: 42 04 29 73 09 22 77 03 57 53 53 86 02 65 01 00 00 54 22 59 
4720: 65 01 00 00 54 59 22 67 03 57 73 09 59 32 43 01 22 77 03 57 
4740: 53 53 73 09 22 59 65 01 00 00 54 59 65 32 54 32 43 04 77 03 
4760: 57 32 42 04 86 01 43 09 42 00 69 29 97 08 02 89 22 87 01 05 
4780: 26 53 43 00 75 09 54 99 87 00 03 80 92 01 94 64 00 73 00 59 
4800: 44 01 53 73 00 22 59 65 01 00 00 54 42 08 22 59 53 22 44 08 
4820: 65 01 00 00 54 53 22 59 65 02 00 54 94 53 42 04 59 85 01 00 
4840: 85 43 02 54 42 00 53 43 04 22 59 29 22 67 04 46 69 30 01 65 
4860: 05 75 06 54 53 53 42 09 65 02 54 22 28 52 22 52 65 73 00 54 
4880: 22 59 42 04 22 97 08 02 72 01 00 00 49 04 43 04 59 22 44 04 
4900: 42 03 09 44 03 93 00 00 00 01 22 74 03 97 09 05 23 05 42 09 
4920: 69 20 73 00 42 04 01 00 94 22 28 52 22 52 49 04 61 04 71 98 
4940: 53 43 01 55 01 00 54 58 01 99 87 00 05 45 85 95 92 24 58 09 
4960: 87 02 02 46 43 02 42 09 09 42 08 01 94 69 28 64 08 97 09 05 
4980: 60 00 92 53 94 55 01 00 54 85 95 92 92 92 92 92 92 92 92 92