TMS0540 SECOND ROM Recorder Initialized
Datamath Calculator Museum September 2023
DUT: TMC0546NL SA7723
AVIATION MODULE -6-
(C) Texas Instruments 1977
-----------------------------------------------------------------
0000: 23 00 00 50 01 56 06 50 08 75 14 30 16 46 17 35 19 22 21 41 
0020: 23 55 25 80 27 91 29 80 32 11 33 99 34 82 36 93 38 00 39 77 
0040: 40 78 42 34 44 39 46 38 48 45 76 24 00 42 09 60 58 09 76 25 
0060: 29 06 42 01 00 72 01 97 01 00 15 92 76 95 71 24 22 57 05 32 
0080: 03 00 37 78 22 37 78 69 12 88 78 69 11 22 88 22 78 69 14 53 
0100: 24 75 36 10 10 54 52 22 52 32 03 07 07 93 07 06 00 05 01 05 
0120: 04 67 96 00 35 76 96 58 09 69 00 01 03 04 02 02 04 69 03 01 
0140: 03 03 07 02 04 03 02 03 01 69 04 69 05 06 99 92 76 16 98 42 
0160: 05 58 09 04 02 01 03 03 05 69 04 58 04 43 05 69 06 92 76 17 
0180: 42 07 58 09 04 03 01 06 69 04 58 04 43 07 69 06 92 76 18 42 
0200: 06 58 09 04 03 04 02 69 04 58 04 43 06 69 06 92 76 19 42 08 
0220: 58 09 03 07 01 03 03 06 69 04 58 04 43 08 69 06 92 42 11 58 
0240: 09 01 04 04 01 03 05 02 09 69 04 58 04 43 11 69 06 92 76 11 
0260: 98 42 18 58 09 03 07 01 05 69 04 58 04 43 18 69 06 92 76 12 
0280: 42 10 58 09 01 06 02 04 03 06 03 07 69 04 58 04 43 10 69 06 
0300: 92 76 13 98 43 18 66 85 53 53 24 94 85 43 06 42 00 43 07 54 
0320: 48 00 32 48 00 37 32 48 00 32 55 43 08 54 22 38 95 42 09 75 
0340: 43 18 95 39 65 43 08 75 43 00 95 42 17 43 09 71 02 22 42 09 
0360: 58 09 03 07 02 03 69 04 58 04 43 09 69 06 85 43 05 95 75 29 
0380: 77 02 29 00 85 03 06 00 95 29 22 77 02 22 42 03 43 09 92 58 
0400: 09 02 08 02 03 69 04 58 04 43 03 69 06 92 76 14 58 09 01 06 
0420: 02 04 03 06 03 07 69 04 58 04 43 10 69 06 66 55 58 09 02 02 
0440: 03 06 69 04 58 04 43 17 69 06 95 42 14 65 43 11 95 42 15 43 
0460: 17 92 43 14 22 88 32 58 09 01 07 03 07 01 07 69 04 58 04 32 
0480: 69 06 92 76 15 58 09 02 01 04 01 01 07 02 07 69 04 58 04 43 
0500: 15 69 06 92 43 14 85 43 16 75 02 04 95 29 77 03 65 85 02 04 
0520: 95 22 88 32 58 09 01 07 03 07 01 03 69 04 58 04 32 69 06 92 
0540: 76 10 32 58 09 01 07 03 07 01 06 69 04 58 04 32 69 06 66 88 
0560: 42 16 43 15 44 13 43 14 44 12 43 12 22 88 32 58 09 03 07 03 
0580: 07 69 04 58 04 32 69 06 92 58 09 03 07 02 01 69 04 58 04 43 
0600: 13 69 06 92 76 25 58 09 47 60 00 69 00 02 01 69 02 02 07 02 
0620: 04 02 02 02 03 03 07 69 03 00 00 01 06 01 03 03 07 01 03 69 
0640: 04 69 05 00 58 04 98 92 61 25 76 16 48 00 92 75 29 77 00 12 
0660: 00 85 02 04 95 29 22 77 00 05 92 76 12 29 67 00 32 88 42 14 
0680: 25 92 43 10 55 43 17 95 42 14 61 01 09 76 13 29 67 00 53 42 
0700: 17 25 92 43 10 55 43 14 95 42 17 92 76 14 29 67 00 72 42 10 
0720: 25 92 43 17 65 43 14 95 42 10 92 76 11 88 42 16 92 76 17 42 
0740: 07 92 76 18 42 06 92 76 15 25 12 88 85 43 16 95 71 00 05 22 
0760: 88 92 43 11 92 43 12 61 01 09 76 10 88 75 48 16 95 71 00 05 
0780: 42 14 44 12 55 43 10 44 11 95 35 42 17 43 16 61 01 09 76 19 
0800: 16 43 17 16 48 00 32 48 00 37 32 48 00 32 85 16 42 13 43 06 
0820: 16 43 07 48 00 32 48 00 37 32 48 00 32 95 16 85 43 13 95 16 
0840: 48 00 32 48 00 22 37 32 48 00 32 29 77 02 10 85 03 06 00 95 
0860: 92 16 61 02 10 76 25 58 04 47 60 00 92 61 25 76 11 42 02 58 
0880: 09 87 01 00 56 86 01 43 05 17 04 03 03 03 00 00 18 69 25 58 
0900: 09 02 07 01 03 03 07 69 04 58 04 43 02 69 06 43 02 58 06 88 
0920: 72 00 69 20 01 87 01 00 55 98 92 22 86 01 02 07 03 02 02 09 
0940: 69 04 61 00 34 76 17 32 58 09 92 76 18 69 04 58 04 32 69 06 
0960: 92 22 76 10 44 00 76 19 73 00 92 76 15 17 01 07 03 07 01 06 
0980: 18 88 42 04 87 02 02 65 86 02 01 71 00 86 75 43 13 95 39 65 
1000: 01 71 00 86 39 65 43 12 39 85 19 38 65 43 12 38 95 22 39 65 
1020: 06 00 95 17 01 06 02 04 03 06 03 07 18 55 43 08 95 42 03 22 
1040: 88 17 01 07 03 07 01 07 18 88 85 43 04 75 02 04 95 29 77 01 
1060: 90 85 02 04 95 22 87 03 01 97 42 04 22 88 17 01 07 03 07 01 
1080: 03 18 43 03 65 43 07 95 17 01 07 02 01 03 05 18 87 03 02 33 
1100: 94 85 43 06 95 61 02 38 22 44 06 43 06 17 01 07 02 01 02 07 
1120: 18 98 87 03 02 62 01 04 42 00 00 42 05 02 61 02 65 04 10 25 
1140: 92 76 12 17 02 02 03 06 00 00 18 42 08 92 76 13 17 02 01 04 
1160: 01 01 07 02 07 18 42 06 92 76 14 17 01 04 04 01 03 05 02 09 
1180: 18 42 07 92 76 16 86 03 69 25 43 05 17 02 07 01 07 02 02 18 
1200: 19 22 86 00 22 88 17 01 06 02 07 01 03 03 07 18 01 10 22 88 
1220: 17 01 06 02 07 03 02 02 09 18 88 75 02 71 00 86 95 42 02 39 
1240: 65 43 02 38 29 77 03 75 86 00 01 71 00 86 39 65 02 10 39 85 
1260: 19 38 65 02 71 00 86 38 95 22 39 42 03 65 06 00 95 42 09 17 
1280: 01 06 02 04 03 06 03 07 18 44 01 43 01 17 03 07 01 06 03 06 
1300: 03 07 18 43 03 39 65 19 38 94 85 02 10 38 95 55 43 03 38 55 
1320: 02 71 00 86 39 95 22 39 87 00 04 63 94 85 03 06 00 95 17 03 
1340: 07 01 05 00 00 18 43 09 61 01 58 76 25 47 58 09 69 00 02 07 
1360: 03 02 02 09 02 02 00 00 69 01 03 05 01 03 02 09 02 02 01 07 
1380: 69 02 00 00 02 01 02 07 03 07 00 00 69 03 03 03 02 07 01 03 
1400: 02 09 00 00 69 04 69 05 25 58 04 60 22 86 01 22 86 02 22 86 
1420: 03 98 01 02 42 00 00 92 61 25 76 17 53 01 05 75 93 00 00 01 
1440: 09 08 01 65 43 10 54 92 76 19 53 17 71 22 71 30 45 05 93 02 
1460: 05 06 03 54 92 76 18 17 71 22 71 30 34 92 76 10 53 19 55 18 
1480: 33 54 92 76 14 53 53 53 43 11 75 24 55 53 01 85 93 02 00 05 
1500: 65 43 13 33 54 75 01 54 65 43 12 71 22 54 71 22 94 54 92 76 
1520: 11 42 10 92 76 16 42 11 92 76 12 42 12 92 76 13 55 01 04 06 
1540: 01 54 33 85 01 54 45 03 93 05 75 01 54 55 19 85 01 54 45 93 
1560: 02 08 06 65 05 75 05 54 34 42 13 65 03 09 65 14 71 22 34 54 
1580: 92 43 13 92 76 15 71 22 71 30 55 19 95 35 45 93 02 03 05 75 
1600: 01 95 94 65 01 04 05 04 02 06 95 92 76 22 53 24 85 02 07 03 
1620: 93 01 05 54 92 76 30 53 24 55 02 08 08 93 01 05 54 92 76 25 
1640: 00 58 02 92 61 25 76 25 25 92 61 25 76 16 75 03 02 95 55 01 
1660: 93 08 95 76 11 42 10 58 02 92 76 12 42 11 58 00 92 76 14 04 
1680: 55 03 65 76 13 43 10 65 05 00 00 85 43 11 95 58 00 92 76 15 
1700: 65 02 94 85 06 00 93 03 02 95 22 52 58 00 52 22 52 29 22 77 
1720: 45 65 05 00 00 85 76 45 01 08 00 00 00 95 92 76 16 42 05 13 
1740: 92 76 19 42 09 13 92 76 18 42 06 13 92 76 17 42 07 13 92 76 
1760: 10 42 11 44 13 65 43 06 95 42 00 43 07 48 00 32 48 00 37 32 
1780: 48 00 32 44 15 43 00 44 14 43 11 13 92 76 11 87 02 00 67 71 
1800: 01 25 43 00 92 76 12 87 02 00 79 71 01 25 43 12 92 76 13 22 
1820: 86 02 92 76 15 87 02 00 97 71 01 54 43 00 55 43 13 95 92 76 
1840: 14 87 02 01 13 71 01 54 43 10 29 77 01 24 85 03 06 00 95 92 
1860: 86 02 43 06 94 42 00 43 07 75 43 09 85 43 05 95 48 00 32 48 
1880: 00 37 32 48 00 32 42 12 92 86 02 43 14 42 00 43 15 48 00 32 
1900: 48 00 22 37 32 48 00 32 24 42 10 92 76 25 47 58 02 60 00 92 
1920: 61 25 76 12 29 77 00 09 13 43 19 42 19 75 43 05 95 42 18 43 
1940: 19 92 76 13 29 77 00 44 43 06 94 42 00 43 07 85 43 05 95 71 
1960: 01 44 42 19 43 00 42 17 92 76 17 29 77 00 56 18 43 07 42 07 
1980: 92 76 18 29 77 00 86 43 17 94 42 00 43 19 71 01 44 75 43 05 
2000: 95 71 01 93 42 07 43 00 42 06 92 76 15 58 04 88 75 48 11 95 
2020: 29 67 11 29 77 01 09 85 02 04 95 35 65 43 10 95 42 17 58 02 
2040: 92 76 11 01 94 92 76 16 42 05 92 76 19 42 09 92 76 10 42 08 
2060: 92 76 14 42 10 92 48 00 32 48 00 37 32 48 00 32 42 15 43 08 
2080: 48 00 42 14 43 09 48 00 32 48 00 37 32 48 00 32 44 15 43 14 
2100: 44 00 43 15 48 00 32 48 00 22 37 32 48 00 32 75 29 77 02 00 
2120: 00 85 03 06 00 95 29 22 77 01 93 92 76 25 60 58 02 00 92 61 
2140: 25 76 12 58 06 88 42 01 58 04 92 76 17 58 06 88 42 02 58 04 
2160: 92 76 16 88 42 14 92 76 11 43 15 42 14 43 03 42 01 43 04 42 
2180: 02 25 92 76 13 42 18 92 76 14 42 17 92 76 19 88 42 15 92 76 
2200: 15 43 15 75 43 14 95 29 77 00 74 85 02 04 95 65 43 17 95 42 
2220: 10 55 06 00 65 43 18 39 85 43 01 95 42 03 22 88 92 76 10 01 
2240: 42 00 15 43 18 39 29 67 01 52 53 43 03 55 02 85 04 05 54 30 
2260: 55 53 43 01 55 02 85 04 05 54 30 95 23 65 43 18 30 55 53 89 
2280: 55 01 08 00 54 94 85 43 02 95 61 01 71 43 10 65 43 18 38 55 
2300: 06 00 55 43 01 39 95 94 85 43 02 95 48 00 32 48 00 37 22 37 
2320: 32 48 00 32 18 42 04 22 88 92 76 18 32 01 08 00 32 22 77 02 
2340: 05 75 03 06 00 95 92 76 25 58 04 00 92 61 25 76 16 42 05 92 
2360: 76 12 58 06 88 42 01 58 02 92 76 17 58 06 88 42 02 58 02 92 
2380: 76 13 58 06 88 42 03 58 02 92 76 18 58 06 88 42 04 58 02 92 
2400: 76 19 53 43 03 55 02 85 04 05 54 30 55 53 43 01 55 02 85 04 
2420: 05 54 30 95 23 42 11 43 02 75 43 04 95 42 07 55 02 95 38 22 
2440: 38 65 02 95 50 42 10 43 07 38 22 38 29 77 01 04 01 94 65 43 
2460: 10 95 65 53 89 55 01 08 00 54 95 48 11 32 48 11 22 37 32 48 
2480: 11 32 42 06 43 01 75 43 03 95 29 67 01 46 55 43 06 39 61 01 
2500: 52 43 10 65 43 01 39 65 06 00 95 50 42 08 44 09 00 92 76 14 
2520: 43 06 75 29 77 01 74 00 85 03 06 00 95 29 22 77 01 67 92 76 
2540: 28 85 43 05 95 61 01 67 76 15 43 08 92 76 10 43 09 92 76 11 
2560: 43 03 42 01 43 04 42 02 25 92 76 25 58 02 00 42 09 92 61 25 
2580: 76 13 88 42 07 75 43 02 95 38 65 43 03 30 75 53 43 07 75 43 
2600: 04 54 38 65 43 01 30 95 55 53 43 04 75 43 02 54 38 95 22 30 
2620: 61 10 76 15 43 02 29 77 00 55 85 03 06 00 95 75 53 43 01 38 
2640: 65 43 06 30 54 35 22 30 95 61 10 76 19 43 03 38 55 43 08 38 
2660: 55 43 01 39 75 43 01 30 55 43 08 30 95 22 39 42 06 43 02 75 
2680: 43 04 95 38 29 77 01 12 03 06 00 75 43 06 95 42 06 92 76 14 
2700: 43 04 75 43 02 95 39 75 01 95 65 43 01 39 65 43 03 39 85 53 
2720: 43 03 75 43 01 54 39 95 22 39 42 08 65 06 00 95 92 76 11 58 
2740: 06 88 42 01 58 04 92 76 16 58 06 88 42 02 58 04 92 76 12 58 
2760: 06 88 42 03 58 04 92 76 17 58 06 88 42 04 58 04 92 76 10 22 
2780: 88 92 76 25 60 58 04 00 92 61 25 76 11 42 15 71 01 64 42 12 
2800: 43 15 92 76 12 42 16 71 01 64 42 13 43 16 92 76 13 87 00 00 
2820: 40 42 00 71 01 64 42 11 43 00 92 43 13 75 43 12 95 34 94 85 
2840: 43 10 65 43 19 95 33 85 43 12 95 34 75 00 71 01 64 34 95 22 
2860: 86 00 92 76 14 87 00 00 81 42 10 92 43 11 75 43 12 95 34 85 
2880: 53 43 13 75 43 12 54 34 95 55 43 19 95 22 86 00 92 76 15 86 
2900: 00 92 76 16 42 18 92 76 17 42 14 92 76 18 55 53 43 14 75 43 
2920: 18 54 39 33 34 95 42 17 92 76 19 42 10 92 76 10 55 43 10 55 
2940: 06 00 07 06 95 33 85 01 95 34 65 43 17 95 92 53 24 85 06 00 
2960: 07 06 42 19 65 03 04 04 00 54 33 92 76 25 58 00 00 92 61 25 
2980: 76 15 48 00 92 48 00 32 48 00 37 32 48 00 32 95 15 85 43 13 
3000: 95 15 48 00 32 48 00 22 37 32 48 00 32 92 75 29 77 00 41 00 
3020: 85 02 04 95 29 22 77 00 34 92 76 13 43 06 94 15 43 07 85 43 
3040: 05 95 48 00 32 48 00 37 32 48 00 32 85 15 42 13 43 08 15 43 
3060: 09 71 00 05 15 42 17 65 43 14 65 53 15 75 43 10 54 38 55 53 
3080: 43 11 75 43 10 54 38 95 33 34 92 76 14 94 15 43 11 48 00 32 
3100: 48 00 37 32 48 00 32 85 15 42 13 43 03 15 43 04 71 00 05 29 
3120: 77 01 48 85 03 06 00 95 92 43 00 92 55 43 17 92 85 43 15 95 
3140: 71 00 34 22 88 61 01 48 76 16 42 05 92 76 17 48 06 48 07 92 
3160: 76 18 48 03 48 04 92 76 19 42 09 92 76 10 42 08 92 76 11 88 
3180: 75 48 15 95 71 00 34 42 14 43 15 92 76 12 48 11 48 10 43 11 
3200: 92 76 25 47 58 04 60 00 92 61 25 76 16 65 02 85 01 03 95 42 
3220: 00 58 04 00 92 76 17 71 01 82 42 03 71 01 82 76 25 60 92 61 
3240: 25 76 18 42 04 65 43 03 39 85 71 01 79 95 42 02 69 30 43 04 
3260: 65 43 03 38 85 71 01 79 95 42 01 43 04 69 20 92 76 11 88 42 
3280: 08 92 76 12 16 71 01 79 75 43 02 95 33 42 05 69 30 71 01 79 
3300: 75 43 01 95 33 44 05 69 20 43 05 34 42 05 92 76 13 36 16 13 
3320: 92 76 19 42 09 92 76 15 44 05 43 05 92 76 14 22 86 01 71 01 
3340: 79 75 43 02 95 35 42 04 29 77 01 43 86 01 69 30 71 01 79 75 
3360: 43 01 95 69 20 65 43 04 95 22 30 71 01 82 22 87 01 25 85 01 
3380: 08 00 95 92 76 10 36 16 10 92 73 00 92 94 85 09 00 95 92 76 
3400: 11 42 03 65 02 85 43 04 95 42 01 43 03 92 76 12 42 03 65 02 
3420: 85 43 05 95 42 02 43 03 92 76 13 42 00 92 76 14 42 03 32 48 
3440: 00 37 72 01 69 31 32 72 01 73 02 74 01 69 22 69 21 73 02 74 
3460: 01 43 03 92 76 25 47 01 02 42 05 01 03 42 04 22 58 60 00 92 
3480: 61 25 76 17 71 01 48 30 42 04 71 01 29 42 03 00 92 76 18 71 
3500: 01 48 30 42 02 71 01 29 42 01 00 92 76 11 88 42 08 92 76 12 
3520: 16 69 30 22 86 01 53 43 01 75 43 03 54 55 53 43 04 75 43 02 
3540: 95 42 07 65 43 04 85 43 03 75 71 01 59 42 06 33 42 05 69 20 
3560: 43 07 75 71 01 59 29 77 00 90 86 01 22 49 06 33 15 34 42 05 
3580: 92 76 13 43 05 55 43 09 85 43 08 75 02 04 95 29 77 01 21 85 
3600: 02 04 95 22 88 92 76 19 42 09 92 94 65 71 01 59 42 05 69 30 
3620: 71 01 59 76 15 44 05 43 05 92 94 85 89 38 35 22 23 22 30 95 
3640: 92 73 00 95 92 76 16 36 14 16 92 76 10 53 43 05 75 48 10 54 
3660: 55 53 43 08 75 48 11 95 94 92 76 14 43 06 22 30 71 01 48 87 
3680: 01 25 85 01 08 00 95 76 25 60 92 61 25 76 16 85 29 22 77 00 
3700: 10 00 75 03 06 00 95 29 22 77 00 02 92 76 10 53 53 43 11 75 
3720: 43 12 54 33 85 43 10 33 54 34 92 76 11 42 10 92 76 12 42 11 
3740: 92 76 18 33 75 43 10 33 95 34 76 13 42 12 92 76 19 85 53 43 
3760: 10 55 43 12 54 22 30 95 16 76 14 42 13 92 76 15 53 43 10 55 
3780: 10 54 22 38 85 43 13 95 16 92 76 25 47 58 02 60 00 92 61 25 
3800: 76 16 42 10 25 92 76 17 42 08 25 92 76 11 29 67 00 22 42 11 
3820: 25 92 71 00 40 92 76 12 29 67 00 36 42 12 25 92 71 00 67 92 
3840: 43 08 65 43 10 55 43 12 55 06 00 95 33 75 53 43 10 55 06 00 
3860: 07 06 54 33 95 34 92 43 11 33 85 53 43 10 55 06 00 07 06 54 
3880: 33 95 34 65 06 00 95 35 65 43 08 65 43 10 95 92 76 18 42 13 
3900: 25 92 76 19 42 14 25 92 76 10 43 13 39 35 92 76 13 43 08 33 
3920: 55 03 04 02 00 08 55 43 13 30 95 92 76 14 93 00 00 05 05 65 
3940: 43 08 55 43 13 30 95 22 88 55 01 00 00 95 92 76 15 43 13 39 
3960: 35 34 65 43 14 95 92 76 25 47 58 04 60 00 92 61 25 76 11 22 
3980: 87 00 00 08 22 44 12 42 10 92 76 12 65 43 10 95 76 17 22 87 
4000: 00 00 27 22 44 13 42 11 22 86 00 92 76 16 43 10 22 44 12 43 
4020: 11 22 44 13 25 92 76 10 86 00 25 92 76 13 43 12 92 76 14 43 
4040: 13 92 76 15 14 55 13 95 92 76 18 53 24 65 06 54 92 76 19 53 
4060: 24 65 93 04 05 03 06 54 92 76 25 47 00 58 02 92 61 25 76 11 
4080: 42 10 92 76 16 42 11 92 76 12 42 12 92 76 17 42 13 92 76 18 
4100: 42 14 92 76 19 42 15 92 76 10 42 16 92 76 13 25 03 42 00 01 
4120: 02 42 19 00 42 17 42 18 43 09 44 17 43 08 85 43 01 65 53 43 
4140: 10 65 06 54 44 17 85 43 02 65 53 43 11 65 06 54 44 17 95 42 
4160: 18 73 00 65 73 19 44 17 95 44 18 43 00 75 07 95 29 67 01 10 
4180: 01 44 00 44 19 61 00 83 43 17 92 76 14 43 18 92 76 15 43 18 
4200: 55 43 17 95 92 08 42 00 09 42 19 76 45 22 97 00 01 27 01 44 
4220: 19 73 19 92 61 45 76 25 00 58 02 92 61 25 76 11 71 00 67 01 
4240: 71 00 82 92 76 12 71 00 67 93 03 00 04 08 71 00 82 92 76 13 
4260: 71 00 67 01 00 00 00 71 00 82 92 76 14 71 00 67 01 08 05 02 
4280: 71 00 82 92 76 15 71 00 67 01 06 00 09 93 03 04 04 71 00 82 
4300: 92 87 00 00 78 86 00 42 15 42 16 92 22 86 00 92 87 00 00 92 
4320: 22 49 16 43 16 92 49 16 43 15 92 76 16 87 01 29 53 53 24 75 
4340: 03 02 54 55 01 93 08 54 92 76 29 22 86 01 53 24 65 01 93 08 
4360: 85 03 02 54 92 76 17 42 15 06 71 01 79 92 76 18 42 15 93 02 
4380: 06 04 01 07 07 08 06 71 01 79 92 76 19 42 15 93 04 05 03 05 
4400: 09 02 04 03 71 01 79 92 76 10 86 01 92 87 01 01 88 49 15 43 
4420: 15 92 22 86 01 22 49 15 43 15 92 76 25 00 22 58 92 61 25 76 
4440: 11 65 02 85 01 04 95 42 00 43 00 75 01 04 95 55 02 95 92 76 
4460: 12 58 06 88 58 04 72 00 92 76 13 58 06 88 58 04 69 20 72 00 
4480: 69 30 92 76 14 11 73 00 42 01 69 20 73 00 42 02 97 00 00 10 
4500: 76 15 11 73 00 42 03 69 20 73 00 42 04 97 00 00 10 76 16 36 
4520: 10 19 36 10 14 42 12 92 76 17 36 10 19 43 08 92 76 18 55 06 
4540: 00 65 43 12 39 85 43 01 95 42 03 72 00 69 20 01 08 00 55 89 
4560: 65 53 43 03 71 01 79 75 43 01 71 01 79 95 65 43 12 30 94 85 
4580: 43 02 95 42 04 72 00 97 00 00 10 76 19 42 05 92 76 10 36 11 
4600: 14 36 11 19 36 10 71 28 92 76 23 43 08 65 06 00 95 92 53 24 
4620: 55 02 85 04 05 54 30 23 92 76 25 60 58 04 00 92 61 25 76 10 
4640: 17 43 14 55 01 00 00 85 76 19 43 15 95 92 76 17 75 93 05 95 
4660: 58 00 52 22 52 58 09 92 76 18 19 29 67 00 45 75 01 03 95 67 
4680: 00 48 92 01 01 85 01 95 42 15 92 76 11 75 48 16 95 22 44 13 
4700: 17 00 92 76 12 42 14 17 22 44 14 42 15 01 00 00 49 14 00 92 
4720: 76 13 58 04 88 42 13 17 58 00 00 92 76 14 58 04 88 44 13 17 
4740: 58 00 00 92 76 15 43 13 55 02 04 17 44 14 65 02 04 95 22 44 
4760: 13 43 14 75 01 95 77 01 44 01 22 44 15 18 73 15 95 44 14 61 
4780: 01 60 73 15 75 43 14 95 77 01 60 94 42 14 01 44 15 18 43 13 
4800: 85 05 94 22 28 95 22 88 58 04 92 76 25 01 02 42 00 03 01 76 
4820: 38 72 00 97 00 38 03 00 42 04 42 06 42 09 42 11 02 08 42 02 
4840: 17 00 92 61 25 92 92 92 92 92 92 92 92 92 92 92 92 92 92 92 
4860: 92 92 92 92 92 92 92 92 92 92 92 92 92 92 92 92 92 92 92 92 
4880: 92 92 92 92 92 92 92 92 92 92 92 92 92 92 92 92 92 92 92 92 
4900: 92 92 92 92 92 92 92 92 92 92 92 92 92 92 92 92 92 92 92 92 
4920: 92 92 92 92 92 92 92 92 92 92 92 92 92 92 92 92 92 92 92 92 
4940: 92 92 92 92 92 92 92 92 92 92 92 92 92 92 92 92 92 92 92 92 
4960: 92 92 92 92 92 92 92 92 92 92 92 92 92 92 92 92 92 92 92 92 
4980: 92 92 92 92 92 92 92 92 92 92 92 92 92 92 92 92 92 92 92 92 