TMS0540 SECOND ROM Recorder Initialized
Datamath Calculator Museum June 2023
DUT: TMC0543NL SP7731
INVESTMENT MODULE -3-
(C) Texas Instruments 1977
-----------------------------------------------------------------
ADDR: BCD DATA
0000: 17 00 00 38 01 52 07 52 08 75 10 74 12 45 14 72 17 69 20 81 
0020: 25 25 28 95 32 46 35 10 44 01 44 90 47 05 49 96 49 96 76 24 
0040: 00 42 09 60 58 09 76 25 29 06 42 01 00 72 01 97 01 00 15 92 
0060: 76 95 71 24 22 57 05 32 03 00 37 78 22 37 78 69 12 88 78 69 
0080: 11 22 88 22 78 69 14 53 24 75 36 09 10 54 52 22 52 32 03 07 
0100: 07 93 07 06 00 05 01 05 04 67 96 00 35 76 96 58 09 69 00 03 
0120: 06 03 07 01 03 03 07 01 07 69 04 01 07 01 03 02 07 00 00 01 
0140: 07 69 03 03 05 69 02 69 05 03 99 92 76 87 36 04 71 99 53 24 
0160: 65 43 03 85 43 05 55 43 12 54 67 00 26 76 14 67 05 20 42 04 
0180: 58 02 61 00 73 86 05 36 04 19 87 04 00 46 36 04 71 38 53 53 
0200: 24 65 43 03 75 43 04 54 94 65 43 12 54 67 00 69 76 15 67 00 
0220: 33 42 05 58 02 87 00 37 99 76 37 92 36 04 71 99 53 24 55 53 
0240: 43 04 75 43 05 55 43 12 54 54 35 67 01 07 76 13 67 04 87 42 
0260: 03 58 02 61 00 73 44 11 43 11 23 42 11 43 10 23 94 44 11 43 
0280: 09 23 35 49 11 43 11 67 01 43 76 11 67 04 35 42 01 94 42 11 
0300: 94 58 09 61 00 73 01 42 09 07 94 22 28 32 53 43 04 55 43 03 
0320: 54 42 10 87 03 02 66 87 04 02 66 53 24 55 43 01 33 75 43 10 
0340: 35 54 42 08 44 09 36 04 71 99 42 14 87 01 02 10 53 24 65 43 
0360: 09 54 53 24 75 43 10 54 42 13 53 43 14 55 43 08 75 43 01 65 
0380: 43 12 55 43 09 55 43 08 54 87 01 02 50 53 24 65 43 09 75 43 
0400: 14 54 22 49 13 43 13 44 08 44 09 50 77 01 94 61 04 12 53 43 
0420: 05 55 43 03 85 42 14 43 01 49 14 75 43 10 54 42 08 53 43 01 
0440: 85 33 55 02 85 43 14 55 43 01 54 87 03 03 14 53 43 11 85 33 
0460: 55 02 85 43 14 54 22 49 08 43 08 44 09 36 04 71 38 42 06 87 
0480: 03 03 37 53 24 65 43 09 54 53 24 85 43 14 55 43 01 55 43 12 
0500: 75 43 10 54 42 13 53 53 43 06 55 43 08 75 43 01 55 43 12 55 
0520: 43 09 55 43 08 54 87 03 03 87 53 24 65 43 09 85 43 06 54 53 
0540: 24 85 43 14 55 43 12 55 43 09 54 22 49 13 43 13 44 08 44 09 
0560: 50 77 03 21 53 43 08 65 01 00 00 54 29 67 04 29 76 12 67 01 
0580: 54 58 04 36 04 15 92 43 03 42 11 42 10 43 09 87 02 04 52 87 
0600: 04 04 52 01 49 11 49 10 53 43 04 65 43 08 54 87 01 01 14 87 
0620: 02 01 14 94 44 10 53 43 05 65 43 08 54 94 44 11 61 01 16 86 
0640: 05 87 01 00 80 87 02 05 14 87 03 05 07 36 04 19 61 00 84 36 
0660: 04 71 38 61 00 84 36 04 17 61 00 84 86 05 87 01 87 87 02 05 
0680: 46 87 03 05 39 36 04 19 61 00 06 36 04 71 38 61 00 06 36 04 
0700: 17 61 00 06 76 16 86 01 92 76 17 86 02 92 76 18 86 03 92 76 
0720: 19 86 04 92 76 10 98 22 86 01 22 86 02 22 86 03 22 86 04 22 
0740: 86 05 22 86 00 00 42 05 58 09 29 92 76 11 36 02 11 92 76 12 
0760: 36 02 12 92 76 13 36 02 13 92 76 14 36 02 14 92 76 15 58 09 
0780: 42 15 99 92 76 16 43 15 86 00 36 02 11 00 36 02 15 22 86 00 
0800: 99 92 76 17 58 09 42 16 99 92 76 18 53 43 16 75 01 54 42 01 
0820: 94 42 11 86 00 00 36 02 15 42 17 43 15 36 02 11 00 42 05 29 
0840: 36 02 15 53 24 75 43 17 85 53 43 15 85 01 75 43 16 54 65 43 
0860: 03 54 22 86 00 99 92 76 10 36 02 10 86 03 92 76 16 71 99 99 
0880: 92 76 18 71 38 99 92 87 05 00 17 99 92 76 99 53 53 43 09 45 
0900: 43 01 75 42 12 01 54 55 43 08 54 92 76 17 53 71 99 65 43 09 
0920: 54 61 00 12 76 38 53 71 99 55 43 12 54 92 76 19 71 38 53 24 
0940: 61 00 42 76 10 98 29 58 02 22 86 05 92 53 43 04 55 43 03 54 
0960: 92 53 71 00 78 23 55 43 09 23 54 42 01 99 92 76 11 67 00 86 
0980: 42 01 99 92 53 01 00 00 75 24 65 71 00 78 22 45 43 01 54 94 
1000: 67 15 76 12 67 01 09 76 15 53 42 02 55 01 00 00 85 42 08 01 
1020: 54 42 09 43 02 61 00 12 53 43 04 55 43 09 45 43 01 54 42 03 
1040: 99 92 76 13 67 01 53 42 03 99 92 53 43 03 65 43 09 45 43 01 
1060: 54 42 04 99 92 76 14 67 01 76 42 04 99 92 76 16 71 00 20 99 
1080: 92 76 17 71 00 20 53 24 85 43 02 54 99 92 53 53 43 03 75 43 
1100: 04 54 65 71 49 54 92 76 68 53 43 04 61 00 28 76 18 71 68 99 
1120: 92 76 12 58 02 99 76 70 42 02 29 77 00 62 00 23 43 02 92 76 
1140: 13 58 09 99 76 80 42 03 23 43 03 92 76 10 69 24 43 04 76 14 
1160: 58 09 98 99 76 60 42 04 32 43 03 77 01 05 00 35 43 04 92 32 
1180: 23 43 04 92 76 11 58 02 99 76 89 42 01 23 43 01 92 76 49 58 
1200: 02 53 53 43 01 75 43 02 54 55 43 03 54 92 76 77 71 49 42 05 
1220: 43 04 22 59 29 67 01 56 49 05 43 05 92 76 15 71 77 99 92 76 
1240: 19 43 03 61 14 76 13 58 09 99 76 80 36 05 71 80 92 76 49 58 
1260: 02 53 53 01 75 43 02 55 43 03 54 45 43 04 65 43 01 54 92 76 
1280: 10 69 24 43 04 76 14 58 09 98 99 76 60 36 05 71 60 92 76 11 
1300: 58 02 99 76 89 36 05 71 89 92 76 12 58 09 99 76 70 53 42 02 
1320: 75 01 54 23 53 02 75 43 02 54 29 77 00 90 23 43 02 92 76 16 
1340: 71 68 53 94 85 43 01 54 99 92 76 17 61 16 76 18 71 68 99 92 
1360: 53 43 01 75 71 49 54 92 76 15 71 77 99 92 76 77 43 04 42 07 
1380: 69 34 22 59 42 05 29 67 01 60 43 07 59 42 04 71 01 60 53 24 
1400: 65 43 05 54 92 53 71 49 65 43 02 55 43 03 54 32 43 07 42 04 
1420: 32 92 76 68 43 04 42 07 22 59 42 05 29 67 01 15 43 04 59 42 
1440: 04 53 71 49 65 43 02 55 43 03 65 43 05 54 32 71 01 15 53 24 
1460: 85 32 54 61 01 70 76 19 43 03 61 14 76 11 58 02 99 76 89 36 
1480: 05 71 89 92 76 12 58 02 99 76 70 36 05 71 70 92 76 13 58 09 
1500: 99 76 80 36 05 71 80 92 76 15 71 77 99 92 76 19 43 03 61 14 
1520: 76 18 71 68 99 92 76 68 71 22 53 94 85 43 01 75 43 02 54 92 
1540: 76 16 71 22 99 92 76 17 71 22 53 24 85 43 02 54 99 92 76 10 
1560: 69 24 43 04 76 14 71 60 98 99 92 76 60 42 04 32 58 09 43 03 
1580: 77 39 00 35 92 76 39 43 04 22 59 29 67 38 43 03 59 32 43 04 
1600: 59 22 67 38 53 53 43 04 42 05 22 59 55 43 03 22 59 54 85 43 
1620: 03 59 54 42 04 43 05 92 76 38 43 04 92 76 77 01 42 07 43 04 
1640: 22 59 29 67 30 42 07 76 30 71 22 94 42 06 43 04 32 43 07 22 
1660: 44 04 71 22 44 06 32 42 04 43 06 92 76 22 53 53 53 43 03 59 
1680: 75 43 04 59 85 01 54 42 05 65 53 43 03 59 75 43 04 59 85 02 
1700: 65 43 03 22 59 54 75 02 65 43 04 22 59 65 53 43 05 85 43 03 
1720: 22 59 75 01 54 54 55 02 55 71 02 72 65 53 43 01 75 43 02 54 
1740: 54 58 02 92 53 53 43 03 59 85 01 54 65 53 43 03 59 85 02 65 
1760: 43 03 22 59 54 55 02 54 92 76 10 58 09 98 02 00 42 01 00 42 
1780: 11 92 42 15 99 92 72 01 69 21 99 92 61 00 17 76 12 42 08 61 
1800: 00 37 76 19 69 28 58 09 02 03 42 17 42 18 42 19 00 42 12 42 
1820: 10 43 08 99 92 76 16 02 03 42 17 00 42 10 43 15 42 09 13 97 
1840: 09 00 69 43 10 44 11 99 92 76 13 43 17 42 13 71 01 05 32 04 
1860: 44 17 00 67 01 04 62 16 71 77 99 44 10 92 05 42 16 53 43 13 
1880: 75 01 54 42 14 43 08 32 73 14 22 77 01 78 43 05 42 14 73 13 
1900: 32 01 67 01 42 02 67 39 07 42 16 02 22 44 13 73 13 62 16 71 
1920: 70 01 44 13 73 13 62 16 71 80 43 08 62 16 71 60 02 22 44 13 
1940: 73 13 62 16 71 89 92 43 05 42 14 00 92 76 14 43 18 42 13 71 
1960: 01 05 32 04 44 18 00 67 01 04 62 16 18 92 76 15 43 19 42 13 
1980: 71 01 05 32 04 44 19 00 67 01 04 62 16 16 44 12 92 76 18 02 
2000: 03 42 19 00 42 12 43 15 42 09 15 97 09 02 41 43 12 99 92 76 
2020: 17 43 11 99 92 76 39 06 42 16 61 01 42 76 11 42 09 00 42 08 
2040: 43 15 42 05 98 19 13 43 14 42 05 14 43 14 42 05 15 43 14 42 
2060: 05 97 05 02 77 43 12 99 43 10 99 44 11 97 09 02 71 43 11 99 
2080: 92 76 10 98 58 09 08 42 02 01 00 42 28 01 08 42 27 00 92 72 
2100: 02 69 22 99 92 61 00 18 58 04 29 43 15 67 01 03 53 01 75 53 
2120: 01 75 43 15 55 43 09 54 45 73 28 54 72 27 65 01 00 00 54 92 
2140: 76 11 98 71 00 27 99 92 58 02 53 43 18 65 43 08 54 42 19 99 
2160: 92 53 43 19 75 43 08 75 43 16 54 42 19 94 99 92 43 17 44 19 
2180: 43 19 99 92 43 09 36 07 71 80 00 42 02 73 28 36 07 71 60 43 
2200: 08 36 05 71 89 36 07 71 68 53 53 24 55 43 01 54 72 27 58 04 
2220: 61 00 53 76 12 58 04 01 01 42 28 02 00 42 27 98 71 00 27 99 
2240: 92 71 01 65 99 92 43 09 22 64 28 53 73 28 61 00 53 76 13 02 
2260: 01 42 27 01 02 42 28 71 00 27 53 29 67 01 99 43 20 22 44 21 
2280: 43 21 76 74 65 01 00 00 54 99 92 71 01 65 43 12 42 22 53 67 
2300: 02 26 43 11 22 44 12 43 12 61 74 76 14 02 03 42 27 01 03 42 
2320: 28 71 00 27 53 29 67 02 53 43 21 22 44 23 43 23 71 74 92 71 
2340: 01 65 53 67 02 70 43 22 22 44 13 43 13 61 74 76 15 58 02 53 
2360: 53 43 21 75 43 12 54 65 43 08 54 29 77 02 95 00 42 24 99 92 
2380: 76 16 53 53 43 23 75 43 13 54 65 43 08 54 29 77 03 18 00 42 
2400: 25 99 92 76 17 58 02 53 53 43 18 75 43 20 75 43 21 75 43 23 
2420: 75 43 10 55 43 09 85 43 11 85 43 12 85 43 13 54 65 43 08 54 
2440: 29 77 03 64 00 42 26 99 92 76 18 53 01 93 02 75 93 01 02 65 
2460: 43 10 54 29 77 03 87 00 49 24 43 24 99 92 43 14 67 04 14 53 
2480: 02 75 93 01 02 65 43 10 54 77 04 12 00 49 25 43 25 99 92 43 
2500: 26 99 92 53 43 26 85 43 25 85 43 24 54 99 92 76 19 53 94 85 
2520: 43 19 54 99 92 76 10 98 22 86 01 22 86 02 22 86 03 01 03 42 
2540: 01 00 72 01 97 01 00 16 92 86 02 42 16 71 36 87 07 00 46 71 
2560: 00 71 92 71 36 87 07 00 50 71 29 92 61 00 24 92 61 00 38 76 
2580: 36 22 86 07 42 17 23 69 19 92 76 11 86 01 42 16 42 14 44 04 
2600: 33 44 05 69 23 43 16 99 92 76 24 42 17 76 29 42 15 44 01 33 
2620: 44 02 43 15 49 14 43 14 44 06 43 17 99 43 03 92 76 12 71 00 
2640: 69 92 71 36 87 07 01 25 71 29 92 61 01 17 76 13 86 03 42 16 
2660: 71 36 22 87 07 00 71 92 76 98 69 12 32 42 15 32 87 01 01 61 
2680: 87 03 01 61 22 23 42 16 92 76 17 43 15 99 92 76 18 69 13 33 
2700: 99 92 76 19 87 02 02 05 87 01 02 19 87 03 02 23 53 53 24 55 
2720: 43 16 54 23 55 43 15 54 99 92 53 53 24 55 43 16 54 45 43 15 
2740: 35 54 99 92 69 15 99 92 69 15 22 23 99 92 76 15 87 01 02 67 
2760: 87 03 02 66 87 02 02 58 53 53 24 65 43 15 54 22 23 65 43 16 
2780: 54 99 92 53 24 45 43 15 61 02 52 23 69 14 99 92 76 14 87 01 
2800: 03 20 87 02 03 05 87 03 02 94 71 03 20 92 42 17 23 61 37 42 
2820: 16 23 71 03 22 92 42 17 61 37 42 16 23 71 03 22 92 42 17 23 
2840: 71 37 61 00 46 42 16 42 14 94 44 04 33 94 44 05 69 33 43 16 
2860: 99 92 42 17 76 37 42 15 94 44 01 33 94 44 02 53 43 15 65 43 
2880: 14 54 94 44 06 43 17 99 92 76 16 71 98 99 92 76 11 86 04 29 
2900: 67 48 22 77 48 36 10 11 23 42 19 44 07 33 44 08 43 16 92 76 
2920: 48 00 35 92 76 12 67 48 22 77 48 36 10 71 24 43 17 23 42 18 
2940: 44 09 33 44 10 53 43 19 65 43 18 54 44 11 43 16 49 18 43 18 
2960: 87 04 00 70 94 44 12 43 17 49 19 43 19 44 13 43 03 92 76 44 
2980: 42 29 36 10 71 98 43 26 32 92 76 19 86 01 36 10 14 23 94 42 
3000: 19 44 07 33 94 44 08 43 16 92 42 17 36 10 71 37 23 42 18 94 
3020: 44 09 33 94 22 86 04 71 00 48 43 17 92 76 13 01 42 29 36 10 
3040: 71 98 69 13 33 42 26 32 22 86 01 43 01 42 21 43 02 42 22 43 
3060: 06 42 23 43 04 42 24 43 05 42 25 43 09 42 01 43 10 42 02 43 
3080: 12 42 06 69 13 33 22 77 02 00 42 26 03 71 44 86 02 43 07 42 
3100: 04 43 08 42 05 43 11 42 06 69 13 33 22 77 02 26 42 26 02 71 
3120: 44 22 86 02 86 03 43 21 42 01 43 22 42 02 43 13 42 06 69 13 
3140: 33 22 77 02 59 42 26 04 42 29 36 10 71 98 22 86 03 43 29 99 
3160: 92 76 14 43 16 99 92 76 15 43 15 99 92 76 16 43 26 99 92 76 
3180: 10 36 10 10 92 42 27 43 29 32 04 67 03 26 01 67 03 08 02 67 
3200: 03 23 92 43 24 42 04 43 25 42 05 43 23 42 06 86 01 92 86 02 
3220: 92 86 03 92 76 17 71 02 90 43 27 36 10 19 92 76 18 71 02 90 
3240: 43 27 36 10 15 92 76 13 58 08 43 04 42 06 43 03 94 44 06 43 
3260: 05 22 49 06 76 15 43 01 42 12 43 02 42 07 43 03 94 42 04 00 
3280: 42 05 42 08 42 09 01 22 44 12 53 53 43 06 94 65 43 07 54 22 
3300: 23 65 73 12 65 44 04 43 07 65 44 05 43 07 65 44 08 43 07 54 
3320: 44 09 97 07 00 40 53 53 53 43 05 35 49 04 49 08 65 43 09 55 
3340: 06 75 43 08 33 55 02 54 65 43 04 94 85 43 08 55 02 54 65 43 
3360: 04 33 85 43 04 54 44 06 53 33 34 75 06 94 22 28 54 29 77 15 
3380: 53 53 43 06 22 23 75 01 54 65 01 00 00 54 58 04 99 92 76 16 
3400: 58 02 42 10 42 11 92 76 18 32 01 09 44 10 32 72 10 92 76 17 
3420: 32 01 09 44 10 53 73 10 22 44 04 65 43 11 54 22 44 05 53 32 
3440: 44 04 72 10 65 43 11 54 44 05 92 76 10 58 09 98 02 00 42 01 
3460: 01 42 02 00 42 04 42 05 92 76 12 32 69 32 43 02 58 09 98 99 
3480: 32 42 03 58 02 99 92 76 11 53 72 01 58 02 99 44 04 65 43 02 
3500: 54 44 05 69 21 43 02 69 22 92 76 10 58 09 98 06 69 17 47 01 
3520: 06 42 06 00 42 14 92 76 11 32 01 44 15 32 69 26 72 06 99 92 
3540: 61 00 24 76 25 53 24 85 02 54 53 42 57 85 01 54 53 42 56 85 
3560: 01 54 53 42 59 85 07 54 42 06 92 76 12 53 42 16 65 03 22 28 
3580: 94 54 74 06 43 16 99 92 61 00 24 76 13 32 02 67 00 95 03 67 
3600: 01 43 32 99 92 53 43 06 75 01 01 54 42 58 71 25 71 02 71 53 
3620: 43 06 75 01 00 54 42 58 53 73 57 65 73 58 54 36 02 11 73 59 
3640: 36 02 15 00 36 02 13 72 59 02 58 09 92 09 22 44 06 03 00 94 
3660: 74 06 09 44 06 03 99 92 29 73 57 22 77 02 25 71 02 71 53 73 
3680: 06 32 01 22 77 01 79 73 06 65 73 57 54 82 08 29 36 02 11 73 
3700: 59 36 02 13 00 36 02 15 29 77 02 03 00 53 53 94 85 73 58 54 
3720: 44 13 94 74 58 85 73 59 65 82 18 54 44 10 92 53 73 56 55 01 
3740: 00 00 65 53 73 58 75 73 59 55 02 65 53 73 57 85 02 09 54 54 
3760: 54 44 10 53 53 73 57 85 03 00 54 65 73 59 54 22 74 58 44 13 
3780: 92 36 03 10 53 73 56 55 73 57 54 86 00 86 05 36 02 12 73 58 
3800: 36 02 14 92 53 24 85 01 54 53 42 57 85 01 54 42 58 05 42 59 
3820: 53 73 58 85 03 22 28 54 29 67 04 03 77 03 60 53 24 85 03 22 
3840: 28 54 32 06 42 59 32 29 67 04 03 77 03 60 53 24 85 03 22 28 
3860: 54 32 07 42 59 32 29 67 04 03 42 58 73 56 62 59 71 89 73 57 
3880: 62 59 71 70 43 07 42 57 43 58 62 59 71 80 73 06 71 04 04 87 
3900: 07 04 15 62 59 71 68 44 00 43 57 42 07 92 22 86 07 62 59 71 
3920: 60 69 19 24 92 53 73 06 75 01 54 71 04 04 87 07 04 03 62 59 
3940: 71 68 22 44 54 92 76 14 58 02 01 44 55 43 15 94 42 16 43 00 
3960: 42 54 00 42 10 42 13 42 00 01 07 42 58 71 25 71 01 58 02 02 
3980: 42 56 71 02 94 02 05 42 56 71 02 94 01 74 06 44 16 43 16 29 
4000: 67 39 02 09 42 58 71 25 71 01 58 03 04 42 56 71 02 94 03 07 
4020: 42 56 71 02 94 01 74 06 44 16 43 16 29 67 39 04 01 42 58 71 
4040: 25 71 01 58 04 06 42 56 71 02 94 04 09 42 56 71 02 94 01 74 
4060: 06 76 39 53 43 00 75 43 54 54 42 54 44 14 43 55 99 43 13 99 
4080: 92 42 53 98 99 92 32 01 67 05 86 92 22 44 53 99 92 53 24 55 
4100: 01 00 00 65 43 53 54 22 44 53 99 92 76 15 22 44 53 99 92 53 
4120: 42 56 99 55 01 00 00 54 58 09 42 07 43 56 92 76 16 58 02 01 
4140: 32 43 55 67 06 47 53 43 53 85 24 65 43 07 54 42 53 43 53 42 
4160: 56 99 92 22 44 56 99 92 43 10 22 44 56 99 92 43 54 22 44 56 
4180: 99 92 43 56 99 92 42 57 32 53 43 10 85 43 13 54 44 57 32 98 
4200: 99 92 44 57 99 92 43 53 22 44 57 43 57 94 76 18 42 57 99 92 
4220: 49 56 01 00 00 22 49 56 43 56 99 92 94 44 57 43 57 99 98 92 
4240: 76 17 42 16 99 92 44 16 99 92 44 16 94 42 56 94 99 92 43 14 
4260: 22 44 16 99 92 22 44 16 99 92 43 16 99 98 92 22 44 14 99 92 
4280: 29 43 14 77 07 79 00 42 14 99 98 92 42 15 58 04 99 92 58 02 
4300: 44 56 99 92 53 24 75 43 16 75 43 14 54 99 42 16 92 29 53 43 
4320: 16 75 05 00 00 00 00 54 77 08 31 53 43 16 65 93 02 05 61 08 
4340: 43 53 24 65 93 03 05 85 01 02 05 00 00 85 01 00 00 22 49 14 
4360: 43 15 49 14 43 14 54 94 44 56 94 99 92 43 29 44 17 43 41 44 
4380: 17 53 43 56 75 43 17 54 99 92 76 19 42 14 22 44 16 99 61 07 
4400: 54 76 15 00 42 06 42 18 42 19 53 43 03 65 01 02 42 01 54 42 
4420: 15 98 99 92 76 91 53 43 15 55 43 04 65 01 00 00 54 99 92 98 
4440: 69 26 43 06 58 00 99 00 36 02 15 53 58 02 94 85 43 04 54 22 
4460: 44 04 99 42 10 44 19 53 94 85 43 15 54 99 42 11 44 18 43 19 
4480: 99 43 18 99 43 06 92 61 00 38 76 11 42 01 58 00 99 92 76 12 
4500: 42 02 58 05 99 92 76 13 58 01 53 99 55 32 01 00 00 54 42 03 
4520: 32 92 76 14 58 03 53 99 55 32 01 00 00 54 42 04 32 92 76 15 
4540: 42 05 58 00 99 92 76 16 53 43 02 65 43 05 55 53 01 55 43 03 
4560: 85 43 02 55 43 04 75 01 55 61 02 07 76 17 53 53 43 04 75 43 
4580: 03 54 65 43 01 55 43 03 55 53 43 04 65 43 05 75 43 01 54 58 
4600: 05 54 99 92 76 18 53 43 01 65 43 04 55 53 43 02 65 43 04 65 
4620: 43 05 75 43 02 65 43 01 85 43 01 54 65 01 00 00 58 04 54 99 
4640: 92 76 19 53 43 01 65 43 03 65 53 43 02 75 01 54 55 53 43 02 
4660: 65 43 03 65 43 05 75 61 01 39 76 10 53 43 01 65 53 43 04 85 
4680: 43 03 65 43 02 75 43 03 54 55 53 43 02 65 43 03 65 43 04 54 
4700: 58 00 54 99 92 76 25 36 03 10 58 02 92 76 16 53 24 65 01 02 
4720: 54 36 02 11 92 76 17 53 24 55 01 02 54 36 02 12 92 76 18 36 
4740: 02 14 92 76 19 36 02 13 92 76 10 42 15 99 92 76 11 42 16 99 
4760: 92 76 12 53 99 55 32 01 02 00 00 54 42 17 32 92 76 13 53 99 
4780: 55 32 01 02 54 42 18 32 92 76 14 53 99 55 32 01 00 00 85 01 
4800: 54 42 19 32 92 76 15 99 42 23 98 42 25 53 43 03 85 43 18 54 
4820: 99 98 92 76 98 98 53 53 01 75 43 09 45 53 43 25 75 43 01 54 
4840: 54 55 43 08 65 43 03 54 42 24 53 43 23 65 43 17 65 43 16 85 
4860: 44 16 43 15 85 43 04 75 43 24 54 42 15 99 92 76 91 53 43 23 
4880: 65 43 03 75 43 04 85 43 24 85 43 23 65 43 18 54 32 01 02 42 
4900: 23 44 25 43 24 42 04 43 19 49 18 32 99 92 61 98 68 68 68 68 
4920: 68 68 68 68 68 68 68 68 68 68 68 68 68 68 68 68 68 68 68 68 
4940: 68 68 68 68 68 68 68 68 68 68 68 68 68 68 68 68 68 68 68 68 
4960: 68 68 68 68 68 68 68 68 68 68 68 68 68 68 68 68 68 68 68 68 
4980: 68 68 68 68 68 68 68 68 68 68 68 68 68 68 68 68 92 92 92 92