TMS0500 CONSTANT ROM Recorder Initialized
Datamath Calculator Museum August 2023
DUT: TMC0580NL CD2401 CS8018K SINGAPORE	
TI-58C ATA2980 SN#8171106
(C) Texas Instruments 1977
----------------------------------------------------
ADDR: CONSTANT ROM (NUMBER)
032: 7502435353323454
033: 5554034355330143
034: 4353539234541882
035: 5501436504437506
036: 0543535355540343
037: 5403435533044375
038: 3301437502435365
039: 9254345454034355
040: 3202443308820144
041: 4433078248820444
042: 0144943602610105
043: 2232024494330882
044: 9433078248820444
045: 3782034494010544
046: 4332178206441882
047: 8232552453539203
048: 1882538530225408
049: 5324543922545055
050: 3454331882853332
051: 3908825300009232
052: 8253325407823265
053: 5392541782653818
054: 0006655908825353
055: 0165592218825385
056: 6554590882540000
057: 5459221882850693
058: 8253539254060355
059: 6559221882855908
060: 5400000165540693
061: 1882855953530882
062: 9365540693655922
063: 0000000092540100
----------------------------------------------------
ADDR: CONSTANT ROM (KEY CODE)
100: 75 02 43 53 53 32 34 54 55 54 03 43 55 33 01 43 
110: 43 53 53 92 34 54 18 82 55 01 43 65 04 43 75 06 
120: 05 43 53 53 55 54 03 43 54 03 43 55 33 04 43 75 
130: 33 01 43 75 02 43 53 65 92 54 34 54 54 03 43 55 
140: 32 02 44 33 08 82 01 44 44 33 07 82 48 82 04 44 
150: 01 44 94 36 02 61 01 05 22 32 02 44 94 33 08 82 
160: 94 33 07 82 48 82 04 44 37 82 03 44 94 01 05 44 
170: 43 32 17 82 06 44 18 82 82 32 55 24 53 53 92 03 
180: 18 82 53 85 30 22 54 08 53 24 54 39 22 54 50 55 
190: 34 54 33 18 82 85 33 32 39 08 82 53 00 00 92 32 
1A0: 82 53 32 54 07 82 32 65 53 92 54 17 82 65 38 18 
1B0: 00 06 65 59 08 82 53 53 01 65 59 22 18 82 53 85 
1C0: 65 54 59 08 82 54 00 00 54 59 22 18 82 85 06 93 
1D0: 82 53 53 92 54 06 03 55 65 59 22 18 82 85 59 08 
1E0: 54 00 00 01 65 54 06 93 18 82 85 59 53 53 08 82 
1F0: 93 65 54 06 93 65 59 22 00 00 00 00 92 54 01 00 
